--------------------------------------------------------------------------------
ELEMENTS        NODES        TIME STEPS     PRINTING FREQ
--------------------------------------------------------------------------------
676             1417         1         1

--------------------------------------------------------------------------------
UNDISTURBED VELOCITY AND PRESSURE
Ux      Uy      Uz      P
--------------------------------------------------------------------------------
0.0     0.0     0.0     0.0

--------------------------------------------------------------------------------
DENSITY      TEMPERATURE      VISCOSITY      THERMAL CONDITIVITY
--------------------------------------------------------------------------------
1.E0         300              .1             0.0

--------------------------------------------------------------------------------
TIME STEP       TIME INTEGRATION SCHEME (1- Implicit Euler, 2- Adams-Bashforth)
--------------------------------------------------------------------------------
0.01            1.0

--------------------------------------------------------------------------------
EXTERNAL FIELD FORCES CONSTANTS
Gx       Gy       Gz
--------------------------------------------------------------------------------
0.0      0.0      0.0

--------------------------------------------------------------------------------
NODAL COORDINATES
--------------------------------------------------------------------------------
0.000000000 	0.000000000 
1.000000000 	0.000000000 
1.000000000 	1.000000000 
0.000000000 	1.000000000 
0.062500000 	0.000000000 
0.125000000 	0.000000000 
0.187500000 	0.000000000 
0.250000000 	0.000000000 
0.312500000 	0.000000000 
0.375000000 	0.000000000 
0.437500000 	0.000000000 
0.500000000 	0.000000000 
0.562500000 	0.000000000 
0.625000000 	0.000000000 
0.687500000 	0.000000000 
0.750000000 	0.000000000 
0.812500000 	0.000000000 
0.875000000 	0.000000000 
0.937500000 	0.000000000 
0.031250000 	0.000000000 
0.093750000 	0.000000000 
0.156250000 	0.000000000 
0.218750000 	0.000000000 
0.281250000 	0.000000000 
0.343750000 	0.000000000 
0.406250000 	0.000000000 
0.468750000 	0.000000000 
0.531250000 	0.000000000 
0.593750000 	0.000000000 
0.656250000 	0.000000000 
0.718750000 	0.000000000 
0.781250000 	0.000000000 
0.843750000 	0.000000000 
0.906250000 	0.000000000 
0.968750000 	0.000000000 
1.000000000 	0.062500000 
1.000000000 	0.125000000 
1.000000000 	0.187500000 
1.000000000 	0.250000000 
1.000000000 	0.312500000 
1.000000000 	0.375000000 
1.000000000 	0.437500000 
1.000000000 	0.500000000 
1.000000000 	0.562500000 
1.000000000 	0.625000000 
1.000000000 	0.687500000 
1.000000000 	0.750000000 
1.000000000 	0.812500000 
1.000000000 	0.875000000 
1.000000000 	0.937500000 
1.000000000 	0.031250000 
1.000000000 	0.093750000 
1.000000000 	0.156250000 
1.000000000 	0.218750000 
1.000000000 	0.281250000 
1.000000000 	0.343750000 
1.000000000 	0.406250000 
1.000000000 	0.468750000 
1.000000000 	0.531250000 
1.000000000 	0.593750000 
1.000000000 	0.656250000 
1.000000000 	0.718750000 
1.000000000 	0.781250000 
1.000000000 	0.843750000 
1.000000000 	0.906250000 
1.000000000 	0.968750000 
0.937500000 	1.000000000 
0.875000000 	1.000000000 
0.812500000 	1.000000000 
0.750000000 	1.000000000 
0.687500000 	1.000000000 
0.625000000 	1.000000000 
0.562500000 	1.000000000 
0.500000000 	1.000000000 
0.437500000 	1.000000000 
0.375000000 	1.000000000 
0.312500000 	1.000000000 
0.250000000 	1.000000000 
0.187500000 	1.000000000 
0.125000000 	1.000000000 
0.062500000 	1.000000000 
0.968750000 	1.000000000 
0.906250000 	1.000000000 
0.843750000 	1.000000000 
0.781250000 	1.000000000 
0.718750000 	1.000000000 
0.656250000 	1.000000000 
0.593750000 	1.000000000 
0.531250000 	1.000000000 
0.468750000 	1.000000000 
0.406250000 	1.000000000 
0.343750000 	1.000000000 
0.281250000 	1.000000000 
0.218750000 	1.000000000 
0.156250000 	1.000000000 
0.093750000 	1.000000000 
0.031250000 	1.000000000 
0.000000000 	0.937500000 
0.000000000 	0.875000000 
0.000000000 	0.812500000 
0.000000000 	0.750000000 
0.000000000 	0.687500000 
0.000000000 	0.625000000 
0.000000000 	0.562500000 
0.000000000 	0.500000000 
0.000000000 	0.437500000 
0.000000000 	0.375000000 
0.000000000 	0.312500000 
0.000000000 	0.250000000 
0.000000000 	0.187500000 
0.000000000 	0.125000000 
0.000000000 	0.062500000 
0.000000000 	0.968750000 
0.000000000 	0.906250000 
0.000000000 	0.843750000 
0.000000000 	0.781250000 
0.000000000 	0.718750000 
0.000000000 	0.656250000 
0.000000000 	0.593750000 
0.000000000 	0.531250000 
0.000000000 	0.468750000 
0.000000000 	0.406250000 
0.000000000 	0.343750000 
0.000000000 	0.281250000 
0.000000000 	0.218750000 
0.000000000 	0.156250000 
0.000000000 	0.093750000 
0.000000000 	0.031250000 
0.498972235 	0.493657475 
0.712102498 	0.706236541 
0.293506242 	0.711256471 
0.706236541 	0.287897502 
0.287897502 	0.293763459 
0.494228933 	0.778644777 
0.221355223 	0.494228933 
0.778644777 	0.505771067 
0.505771067 	0.221355223 
0.831504313 	0.830126321 
0.169873679 	0.831504313 
0.830126321 	0.168495687 
0.168495687 	0.169873679 
0.567285415 	0.640100949 
0.363893130 	0.571067921 
0.641325067 	0.440012400 
0.440164545 	0.359892877 
0.634010906 	0.845010731 
0.154989269 	0.634010906 
0.845167030 	0.365935982 
0.365957196 	0.154886981 
0.846221712 	0.639656583 
0.360343417 	0.846221712 
0.642658367 	0.145109185 
0.145109185 	0.357341633 
0.450618984 	0.667344095 
0.666001871 	0.558285003 
0.328940692 	0.450531705 
0.558285003 	0.333998129 
0.533826901 	0.889368202 
0.110631798 	0.533826901 
0.889368202 	0.466173099 
0.466173099 	0.110631798 
0.741201849 	0.896378103 
0.103356516 	0.740590107 
0.896378103 	0.258798151 
0.258571846 	0.103810877 
0.894560598 	0.748797886 
0.748797886 	0.105439402 
0.251202114 	0.894560598 
0.105439402 	0.251202114 
0.602838199 	0.743383513 
0.256616487 	0.602838199 
0.743383513 	0.397161801 
0.397161801 	0.256616487 
0.907527171 	0.906131255 
0.093868745 	0.907527171 
0.906131255 	0.092472829 
0.092498429 	0.093175614 
0.746871790 	0.612719931 
0.387065721 	0.746166768 
0.612947271 	0.253757854 
0.253128210 	0.387280069 
0.903386716 	0.561766747 
0.438233253 	0.903386716 
0.561766747 	0.096613284 
0.096613284 	0.438233253 
0.734234382 	0.793637912 
0.206003593 	0.733910114 
0.793820261 	0.265703654 
0.265728403 	0.206242752 
0.799792418 	0.723312381 
0.723312381 	0.200207582 
0.276687619 	0.799792418 
0.200207582 	0.276687619 
0.487459856 	0.583502917 
0.573752983 	0.546925070 
0.411261994 	0.485111336 
0.553442983 	0.428375738 
0.653802181 	0.644552978 
0.357649196 	0.652412740 
0.644552978 	0.346197819 
0.341480194 	0.355503246 
0.811832255 	0.920329501 
0.080237614 	0.811609505 
0.920329501 	0.188167745 
0.188172467 	0.078882843 
0.916577813 	0.818950410 
0.181049590 	0.916577813 
0.818950410 	0.083422187 
0.077203921 	0.186917991 
0.618100636 	0.915575304 
0.084424696 	0.618100636 
0.915590190 	0.381894306 
0.381896326 	0.084414954 
0.930553389 	0.654946437 
0.656250000 	0.074609170 
0.345149333 	0.930239953 
0.074609170 	0.343750000 
0.507360884 	0.707829582 
0.291757617 	0.507351187 
0.701318913 	0.488795822 
0.489255429 	0.300812936 
0.435026833 	0.835880396 
0.835880396 	0.564973167 
0.164119604 	0.435026833 
0.564973167 	0.164119604 
0.459097495 	0.438940858 
0.564697795 	0.815835872 
0.184164128 	0.564697795 
0.815848897 	0.435297779 
0.435299547 	0.184155604 
0.664760458 	0.780945032 
0.218785385 	0.665293777 
0.781329947 	0.334168539 
0.334168539 	0.218670053 
0.679036490 	0.929322304 
0.070677696 	0.679036490 
0.933059508 	0.320589015 
0.320564095 	0.066962061 
0.422370503 	0.557748790 
0.590011484 	0.481433681 
0.501115652 	0.374174865 
0.450637826 	0.733421529 
0.733421529 	0.549362174 
0.266578471 	0.450637826 
0.549362174 	0.266578471 
0.401601075 	0.413577178 
0.492683770 	0.932043780 
0.067956220 	0.492683770 
0.932043780 	0.507316230 
0.507748049 	0.068517022 
0.500019805 	0.841683306 
0.158316694 	0.500019805 
0.841685043 	0.499979605 
0.500498024 	0.158988520 
0.400046409 	0.621588043 
0.702373722 	0.841418664 
0.158482063 	0.702328979 
0.841910499 	0.296257775 
0.296480524 	0.158656616 
0.839263654 	0.766821037 
0.233178963 	0.839263654 
0.766821037 	0.160736346 
0.160736346 	0.233178963 
0.759110559 	0.675501619 
0.324498381 	0.759110559 
0.675501619 	0.240889441 
0.240889441 	0.324498381 
0.281736943 	0.946037851 
0.946149160 	0.718254386 
0.054230903 	0.281877359 
0.718463009 	0.054372509 
0.651577296 	0.704612768 
0.295366086 	0.650906684 
0.705006074 	0.348230002 
0.347940319 	0.295359841 
0.614377282 	0.599597688 
0.598662214 	0.389025995 
0.644298991 	0.502762367 
0.766772637 	0.951410829 
0.048629402 	0.766661372 
0.951410829 	0.233227363 
0.233197818 	0.048509348 
0.946336462 	0.601568107 
0.601568107 	0.053663538 
0.398431893 	0.946336462 
0.053663538 	0.398431893 
0.769826132 	0.839864242 
0.159975592 	0.769234471 
0.839939151 	0.230014927 
0.230017282 	0.160151861 
0.942200704 	0.057799296 
0.057799296 	0.057799296 
0.942200704 	0.942200704 
0.057799296 	0.942200704 
0.555321912 	0.940296455 
0.059703545 	0.555321912 
0.940297873 	0.444677606 
0.444718924 	0.059756027 
0.848969011 	0.703727873 
0.704125188 	0.150015807 
0.296435661 	0.849129781 
0.150015807 	0.295874812 
0.510430118 	0.644039507 
0.355960493 	0.510430118 
0.570852972 	0.696633315 
0.303366685 	0.570852972 
0.698922010 	0.422238806 
0.422932378 	0.301027655 
0.546373094 	0.747698603 
0.252301397 	0.546373094 
0.747698603 	0.453626906 
0.453626906 	0.252301397 
0.228733612 	0.950942524 
0.048768480 	0.228668686 
0.950957365 	0.771265232 
0.771293048 	0.049112190 
0.866819058 	0.944956245 
0.055043755 	0.866819058 
0.944956245 	0.133180942 
0.133180942 	0.055043755 
0.944956245 	0.866819058 
0.866819058 	0.055043755 
0.133180942 	0.944956245 
0.055043755 	0.133180942 
0.394042116 	0.694097651 
0.694097651 	0.605957884 
0.305902349 	0.394042116 
0.605957884 	0.305902349 
0.585517020 	0.870926296 
0.129073704 	0.585517020 
0.870926296 	0.414482980 
0.414482980 	0.129073704 
0.749503000 	0.742496120 
0.257503880 	0.749503000 
0.742496120 	0.250497000 
0.250497000 	0.257503880 
0.616651974 	0.796340524 
0.203645703 	0.616690771 
0.796401739 	0.383210026 
0.383213856 	0.203608013 
0.853595857 	0.884402993 
0.115580203 	0.853088419 
0.884402993 	0.146404143 
0.146316757 	0.116562279 
0.892624165 	0.607724131 
0.608298177 	0.106908296 
0.392288638 	0.892582373 
0.106908296 	0.391701823 
0.797726841 	0.618712533 
0.381364756 	0.797696805 
0.619121682 	0.201236415 
0.201166454 	0.380903578 
0.518668900 	0.541539669 
0.705613465 	0.657285729 
0.342740921 	0.704641206 
0.657376007 	0.294680397 
0.293808756 	0.342717474 
0.788794630 	0.786022917 
0.213919454 	0.788692860 
0.786051502 	0.211180825 
0.211183837 	0.213965612 
0.544440988 	0.593428864 
0.718932492 	0.960229054 
0.039770946 	0.718932492 
0.957522810 	0.277037773 
0.277000337 	0.042494620 
0.507386988 	0.450597014 
0.810240123 	0.671117078 
0.329792874 	0.810674821 
0.671570291 	0.188468639 
0.188468639 	0.328429709 
0.453034709 	0.515346459 
0.610785580 	0.660011260 
0.340764633 	0.611976676 
0.660407346 	0.389694442 
0.386685141 	0.347735128 
0.481526326 	0.883321978 
0.116678022 	0.481526326 
0.883322210 	0.518473595 
0.519223618 	0.116026245 
0.543450194 	0.496357899 
0.870493955 	0.804114558 
0.195885442 	0.870493955 
0.804114558 	0.129506045 
0.129506045 	0.195885442 
0.430198887 	0.777141896 
0.777141896 	0.569801113 
0.222858104 	0.430198887 
0.569801113 	0.222858104 
0.952548357 	0.553710813 
0.553710813 	0.047451643 
0.446289187 	0.952548357 
0.047451643 	0.446289187 
0.671807731 	0.881866867 
0.118133133 	0.671807731 
0.881866867 	0.328192269 
0.328192269 	0.118133133 
0.454226750 	0.619971027 
0.640041624 	0.955504450 
0.040159692 	0.640661812 
0.955504450 	0.359958376 
0.359284528 	0.039662975 
0.621827797 	0.543815490 
0.371849910 	0.454631438 
0.307425665 	0.894967081 
0.103877038 	0.307025428 
0.895655422 	0.692400526 
0.692974572 	0.103877038 
0.594531750 	0.433147890 
0.546824959 	0.378453934 
0.598536024 	0.963231354 
0.036190531 	0.598618716 
0.963233528 	0.401463237 
0.401379169 	0.036130001 
0.803939666 	0.873573508 
0.127001589 	0.804290637 
0.872280059 	0.191365164 
0.195998260 	0.126477519 
0.705475098 	0.752494882 
0.247505118 	0.705475098 
0.748016820 	0.296374527 
0.296339203 	0.252040371 
0.905379023 	0.967355054 
0.032644946 	0.905379023 
0.094620977 	0.967355054 
0.032644946 	0.094620977 
0.967355054 	0.905379023 
0.905379023 	0.032644946 
0.967355054 	0.094620977 
0.094620977 	0.032644946 
0.353643808 	0.401759463 
0.889691356 	0.853612967 
0.146385166 	0.889634974 
0.853612967 	0.110308644 
0.109610860 	0.147069316 
0.416816249 	0.521430063 
0.389165498 	0.534089454 
0.383611243 	0.497770727 
0.359926811 	0.540749020 
0.393131817 	0.564408355 
0.464709987 	0.330352907 
0.495185541 	0.337493901 
0.470640099 	0.367033871 
0.529700328 	0.354086497 
0.523770216 	0.317405533 
0.965276694 	0.671223219 
0.965276694 	0.639973219 
0.671875000 	0.037304585 
0.640625000 	0.037304585 
0.328824667 	0.965119976 
0.360074667 	0.965119976 
0.037304585 	0.328125000 
0.037304585 	0.359375000 
0.841051054 	0.602314875 
0.864252280 	0.586348649 
0.869422939 	0.623690357 
0.869633556 	0.563369957 
0.898005441 	0.584745439 
0.563369957 	0.130366444 
0.585032462 	0.101760790 
0.586635672 	0.135513950 
0.625478272 	0.126008740 
0.603815767 	0.154614395 
0.415260946 	0.897984545 
0.413657735 	0.864231385 
0.436630043 	0.869633556 
0.397685125 	0.841051054 
0.376316027 	0.869402043 
0.130366444 	0.436630043 
0.101760790 	0.414967538 
0.135513950 	0.413364328 
0.126008740 	0.374521728 
0.154614395 	0.396184233 
0.812166127 	0.960164751 
0.839325656 	0.932642873 
0.839659529 	0.972478123 
0.040118807 	0.812054753 
0.067640684 	0.839214281 
0.027521877 	0.839659529 
0.960164751 	0.187833873 
0.932642873 	0.160674344 
0.972478123 	0.160340471 
0.187836234 	0.039441422 
0.160676705 	0.066963299 
0.160340471 	0.027521877 
0.972478123 	0.839659529 
0.930767029 	0.842884734 
0.958288907 	0.815725205 
0.160340471 	0.972478123 
0.157115266 	0.930767029 
0.184274795 	0.958288907 
0.839659529 	0.027521877 
0.842884734 	0.069232971 
0.815725205 	0.041711093 
0.027521877 	0.160340471 
0.066123838 	0.160049467 
0.038601961 	0.187208996 
0.470247282 	0.549424688 
0.485851805 	0.528443064 
0.503064378 	0.562521293 
0.406431535 	0.449344257 
0.430349285 	0.426259018 
0.435179745 	0.462026097 
0.583767997 	0.779609693 
0.555535444 	0.781767238 
0.574605647 	0.745541058 
0.220390307 	0.583767997 
0.218232762 	0.555535444 
0.254458942 	0.574605647 
0.779616205 	0.416229790 
0.781773750 	0.444462343 
0.745541058 	0.425394353 
0.416230674 	0.220386045 
0.444463226 	0.218228500 
0.425394353 	0.254458942 
0.789636319 	0.975705414 
0.789302446 	0.935870165 
0.024314701 	0.789580686 
0.064433508 	0.789135439 
0.975705414 	0.210363681 
0.935870165 	0.210697554 
0.210348909 	0.024254674 
0.210685143 	0.063696096 
0.472433380 	0.756033153 
0.478999355 	0.720625555 
0.500794909 	0.743237180 
0.478989934 	0.687586839 
0.450628405 	0.700382812 
0.243966847 	0.472433380 
0.279168044 	0.478994506 
0.256556420 	0.500790060 
0.310349154 	0.478941446 
0.297759581 	0.450584766 
0.683660392 	0.523540412 
0.717370221 	0.519078998 
0.699711700 	0.553823589 
0.756033153 	0.527566620 
0.739981845 	0.497283444 
0.519308801 	0.283695704 
0.553823589 	0.300288300 
0.527566620 	0.243966847 
0.497513248 	0.261084079 
0.609745086 	0.769862019 
0.590674884 	0.806088198 
0.230131095 	0.609764485 
0.193904916 	0.590694283 
0.769892626 	0.390185913 
0.806125318 	0.409253903 
0.390187828 	0.230112250 
0.409256702 	0.193881808 
0.476003472 	0.504501967 
0.456066102 	0.477143659 
0.479034865 	0.466299167 
0.432148351 	0.500228898 
0.480106574 	0.406557861 
0.449631020 	0.399416867 
0.454915180 	0.570625853 
0.437702606 	0.536547625 
0.922758982 	0.760031559 
0.933767589 	0.795107821 
0.905569206 	0.783874148 
0.239967863 	0.922751561 
0.204891601 	0.933760169 
0.216125852 	0.905569206 
0.760045467 	0.077275796 
0.795121729 	0.066267189 
0.783874148 	0.094430794 
0.077103941 	0.239935400 
0.062986201 	0.207793339 
0.091321661 	0.219060053 
0.680049761 	0.582121444 
0.654237466 	0.602777786 
0.640189576 	0.578941346 
0.582121444 	0.319950239 
0.602310049 	0.347464172 
0.578473609 	0.361512062 
0.772570758 	0.884975805 
0.807885960 	0.896951504 
0.776517052 	0.908353802 
0.091797065 	0.776099806 
0.115179052 	0.772440372 
0.103619601 	0.807950071 
0.884329081 	0.225081657 
0.896304780 	0.189766455 
0.908353802 	0.223482948 
0.227285053 	0.115144198 
0.192085364 	0.102680181 
0.223372156 	0.091346860 
0.753987243 	0.923894466 
0.075992959 	0.753625740 
0.923894466 	0.246012757 
0.245884832 	0.076160112 
0.975478683 	0.791882616 
0.791896524 	0.024556095 
0.208116806 	0.975471262 
0.024384240 	0.208084343 
0.893535884 	0.811532484 
0.882527277 	0.776456222 
0.188467516 	0.893535884 
0.223543778 	0.882527277 
0.811532484 	0.106464116 
0.776456222 	0.117472723 
0.103354983 	0.191401716 
0.117472723 	0.223543778 
0.634089731 	0.622075333 
0.673949916 	0.625255431 
0.621607596 	0.367611907 
0.625255431 	0.326050084 
0.516923353 	0.865525754 
0.532358800 	0.828759589 
0.549262348 	0.852602037 
0.134474246 	0.516923353 
0.171240411 	0.532358800 
0.147397963 	0.549262348 
0.529463364 	0.797240325 
0.497124369 	0.810164042 
0.202759675 	0.529463364 
0.189835958 	0.497124369 
0.865526623 	0.483076352 
0.828766970 	0.467638692 
0.852608550 	0.450735439 
0.797246837 	0.470534423 
0.810164910 	0.502875336 
0.483335561 	0.134810159 
0.467898785 	0.171572062 
0.450736323 	0.147393701 
0.470535307 	0.202755413 
0.503134545 	0.190171871 
0.458276579 	0.859601187 
0.459879789 	0.893354347 
0.140398813 	0.458276579 
0.106645653 	0.459879789 
0.859601303 	0.541723381 
0.893354463 	0.540120171 
0.542098393 	0.140072925 
0.540495183 	0.106319765 
0.377622441 	0.407668320 
0.370164474 	0.374747295 
0.394143108 	0.380656153 
0.627207747 	0.723998141 
0.658168877 	0.742778900 
0.633799329 	0.762164273 
0.237700936 	0.634065988 
0.275991286 	0.626872441 
0.257075735 	0.658100230 
0.762356730 	0.365665170 
0.724194794 	0.372695902 
0.743168010 	0.341199271 
0.365665170 	0.237643270 
0.372551060 	0.275988164 
0.341054429 	0.257014947 
0.671321990 	0.464404111 
0.672808952 	0.495779094 
0.642812029 	0.471387383 
0.480524551 	0.655691801 
0.508895501 	0.675934545 
0.342450592 	0.480480912 
0.323859055 	0.508890652 
0.391555952 	0.469871387 
0.386725492 	0.434104308 
0.364082668 	0.351619187 
0.347562001 	0.378631354 
0.973074580 	0.702877193 
0.938351274 	0.686600411 
0.702981505 	0.027186255 
0.687356505 	0.064490839 
0.297118472 	0.973018926 
0.313443138 	0.938138902 
0.027115452 	0.297188679 
0.064420037 	0.312813679 
0.420882810 	0.386735027 
0.652909319 	0.863438799 
0.644954184 	0.898721086 
0.626055771 	0.880293017 
0.136561201 	0.652909319 
0.101278914 	0.644954184 
0.119706983 	0.626055771 
0.863516949 	0.347064125 
0.898728528 	0.355043287 
0.880378610 	0.373915144 
0.347074732 	0.136510057 
0.355044298 	0.101274044 
0.373926761 	0.119650967 
0.571727233 	0.454904710 
0.566730839 	0.488895790 
0.548446588 	0.462366819 
0.525418591 	0.473477457 
0.530414985 	0.439486376 
0.888387551 	0.647301510 
0.913104406 	0.673673482 
0.870938567 	0.666028555 
0.649454184 	0.109859177 
0.674612286 	0.089243104 
0.667816470 	0.124493112 
0.352746375 	0.888230833 
0.326287499 	0.912603517 
0.333884541 	0.870594397 
0.109859177 	0.350545816 
0.089243104 	0.325387714 
0.124493112 	0.332183530 
0.971100352 	0.060149648 
0.971100352 	0.028899648 
0.060149648 	0.028899648 
0.028899648 	0.028899648 
0.939850352 	0.028899648 
0.028899648 	0.060149648 
0.971100352 	0.971100352 
0.971100352 	0.939850352 
0.939850352 	0.971100352 
0.028899648 	0.939850352 
0.028899648 	0.971100352 
0.060149648 	0.971100352 
0.520301014 	0.763171690 
0.236828310 	0.520301014 
0.763171690 	0.479698986 
0.479698986 	0.236828310 
0.413424843 	0.353814002 
0.911588777 	0.631335284 
0.632274089 	0.090758733 
0.368718986 	0.911411163 
0.090758733 	0.367725911 
0.966021890 	0.503658115 
0.936170826 	0.475996918 
0.970148936 	0.472338803 
0.503874025 	0.034258511 
0.476233487 	0.064136525 
0.472359462 	0.029878013 
0.496341885 	0.966021890 
0.524002841 	0.936170118 
0.527660956 	0.970148228 
0.033978110 	0.496341885 
0.063829882 	0.524002841 
0.029851772 	0.527660956 
0.678526197 	0.728553825 
0.685117778 	0.766719957 
0.271435602 	0.678190891 
0.233145251 	0.685384437 
0.726511447 	0.322302265 
0.764673383 	0.315271533 
0.322139761 	0.273700106 
0.315253871 	0.235355212 
0.938444926 	0.628257272 
0.973168231 	0.613284053 
0.628909053 	0.064136354 
0.613284053 	0.026831769 
0.371790613 	0.938288208 
0.386715947 	0.973168231 
0.064136354 	0.371090947 
0.026831769 	0.386715947 
0.649385682 	0.812977882 
0.683567090 	0.811181848 
0.668192314 	0.843214697 
0.186887327 	0.649652342 
0.188633724 	0.683811378 
0.156735666 	0.668169942 
0.718304052 	0.817528288 
0.699497420 	0.787291472 
0.212394489 	0.699601946 
0.182242828 	0.718119546 
0.811620223 	0.315213157 
0.843538765 	0.331096878 
0.813248488 	0.350052261 
0.787575104 	0.299936096 
0.817865380 	0.280980714 
0.315324532 	0.188663335 
0.331218860 	0.156771798 
0.350062868 	0.186778517 
0.299948471 	0.212456402 
0.281104464 	0.182449684 
0.601808828 	0.893250800 
0.609763963 	0.857968514 
0.106749200 	0.601808828 
0.142031486 	0.609763963 
0.893258243 	0.398188643 
0.858046663 	0.390209481 
0.398189653 	0.106744329 
0.390220088 	0.141980342 
0.655150431 	0.530523685 
0.467523319 	0.838781851 
0.490773065 	0.862502642 
0.161218149 	0.467523319 
0.137497358 	0.490773065 
0.838782719 	0.532476386 
0.862503626 	0.509226600 
0.532735595 	0.161554062 
0.509860821 	0.137507383 
0.670123539 	0.431125603 
0.700120462 	0.455517314 
0.431548462 	0.330460266 
0.456093904 	0.300920296 
0.526866989 	0.727764092 
0.272029507 	0.526862140 
0.724508758 	0.471211364 
0.471441167 	0.276557167 
0.569069193 	0.668367132 
0.540641545 	0.670336411 
0.538857767 	0.642070228 
0.539106928 	0.702231448 
0.333629908 	0.570960446 
0.329663589 	0.540641545 
0.297562151 	0.539102079 
0.441109462 	0.029878013 
0.970148936 	0.441088803 
0.029851772 	0.558910956 
0.558910956 	0.970148228 
0.679707823 	0.650919354 
0.678595380 	0.680949249 
0.652689738 	0.674582873 
0.350195058 	0.678526973 
0.319053503 	0.677773945 
0.326507641 	0.651659712 
0.650964493 	0.320439108 
0.681191040 	0.321455199 
0.674779526 	0.347213911 
0.317644475 	0.349110360 
0.320874537 	0.319038658 
0.344710256 	0.325431543 
0.483242242 	0.444768936 
0.503179612 	0.472127245 
0.464627883 	0.807262587 
0.192737413 	0.464627883 
0.807262587 	0.535372117 
0.535372117 	0.192737413 
0.422330550 	0.680720873 
0.397044262 	0.657842847 
0.425332696 	0.644466069 
0.378847803 	0.637000391 
0.375845656 	0.673255195 
0.432612860 	0.806511146 
0.462213910 	0.777893337 
0.193488854 	0.432612860 
0.222106663 	0.462213910 
0.806511146 	0.567387140 
0.777893337 	0.537786090 
0.567387140 	0.193488854 
0.537786090 	0.222106663 
0.681839897 	0.705424654 
0.708857981 	0.681761135 
0.294436164 	0.681081578 
0.318123581 	0.707948839 
0.705621307 	0.318063752 
0.681806274 	0.291288949 
0.317918910 	0.294561650 
0.290853129 	0.318240467 
0.504251320 	0.412385939 
0.821974277 	0.629184558 
0.816803619 	0.591842850 
0.370854086 	0.821959259 
0.408195794 	0.816788601 
0.630890025 	0.173172800 
0.592047425 	0.182678009 
0.173137819 	0.369122605 
0.182643029 	0.407965205 
0.527279317 	0.401275301 
0.027521877 	0.870909529 
0.870909529 	0.972478123 
0.129090471 	0.972478123 
0.972478123 	0.870909529 
0.027521877 	0.129090471 
0.870909529 	0.027521877 
0.129090471 	0.027521877 
0.972478123 	0.129090471 
0.586711274 	0.927935880 
0.570419466 	0.905611376 
0.559671960 	0.880147249 
0.544574406 	0.914832329 
0.072064120 	0.586711274 
0.094388624 	0.570419466 
0.119852751 	0.559671960 
0.085167671 	0.544574406 
0.880147249 	0.440328040 
0.905612084 	0.429580293 
0.914833038 	0.455425353 
0.927944031 	0.413285956 
0.413307625 	0.072085491 
0.429600952 	0.094414865 
0.440328040 	0.119852751 
0.455446012 	0.085193912 
0.575107407 	0.843381084 
0.599354350 	0.830423302 
0.156618916 	0.575107407 
0.169576698 	0.599354350 
0.843387597 	0.424890380 
0.830507964 	0.400616881 
0.424891264 	0.156614654 
0.400628372 	0.169521292 
0.508820568 	0.517598572 
0.625331440 	0.820675627 
0.179317486 	0.625350838 
0.820784385 	0.374573004 
0.374585526 	0.179247497 
0.617155237 	0.492098024 
0.615668275 	0.460723041 
0.586845585 	0.720008414 
0.611215134 	0.700623041 
0.279991586 	0.586845585 
0.299366385 	0.610879828 
0.721152762 	0.409700303 
0.701964042 	0.385234404 
0.410047089 	0.278822071 
0.385436348 	0.298193748 
0.648568563 	0.922448804 
0.675422111 	0.905594585 
0.077551196 	0.648568563 
0.094405415 	0.675422111 
0.907463188 	0.324390642 
0.924324849 	0.351241661 
0.324378182 	0.092547597 
0.351230211 	0.075688508 
0.590819276 	0.678322288 
0.631181438 	0.682312014 
0.322065659 	0.591414824 
0.318065359 	0.631441680 
0.679664678 	0.405966624 
0.682706710 	0.368962222 
0.404808759 	0.324381391 
0.367312730 	0.321547485 
0.772299316 	0.615716232 
0.778418700 	0.647107076 
0.752991175 	0.644110775 
0.384215238 	0.771931787 
0.352931569 	0.778403682 
0.355782051 	0.752638664 
0.616034476 	0.227497134 
0.647311650 	0.221062928 
0.644224445 	0.247323648 
0.227147332 	0.384091824 
0.221027948 	0.352700980 
0.247008825 	0.355889225 
0.708788798 	0.729365711 
0.270505680 	0.708365785 
0.727126680 	0.292136015 
0.292118352 	0.272901915 
0.803983482 	0.644914806 
0.784675341 	0.673309348 
0.355578815 	0.804185813 
0.327145628 	0.784892690 
0.645345986 	0.194852527 
0.673535955 	0.214679040 
0.194817547 	0.354666644 
0.214679040 	0.326464045 
0.411208456 	0.589668417 
0.381969769 	0.596327982 
0.730067171 	0.928303579 
0.698984491 	0.944775679 
0.710119170 	0.912850203 
0.071563731 	0.729761300 
0.055224321 	0.698984491 
0.087017106 	0.709813299 
0.926950457 	0.267917962 
0.945291159 	0.298813394 
0.914718806 	0.289693583 
0.267786091 	0.073152748 
0.298782216 	0.054728340 
0.289567970 	0.085386469 
0.758386319 	0.975705414 
0.024314701 	0.758330686 
0.975705414 	0.241613681 
0.241598909 	0.024254674 
0.245303536 	0.794242639 
0.235711667 	0.769097930 
0.267095749 	0.774647709 
0.794293524 	0.754667649 
0.769148815 	0.764259519 
0.774647709 	0.732904251 
0.205695709 	0.245326616 
0.230840419 	0.235734746 
0.225352291 	0.267095749 
0.754681941 	0.205694204 
0.764273811 	0.230838913 
0.732904251 	0.225352291 
0.824380714 	0.713520127 
0.844116332 	0.735274455 
0.819528036 	0.745066709 
0.866912126 	0.757809461 
0.871764804 	0.726262879 
0.286561640 	0.824461100 
0.264807312 	0.844196718 
0.254933291 	0.819528036 
0.713718784 	0.175111695 
0.735473112 	0.155376077 
0.745066709 	0.180471964 
0.242190539 	0.866912126 
0.273818888 	0.871845190 
0.757809461 	0.133087874 
0.726461537 	0.127727604 
0.175111695 	0.286281216 
0.155376077 	0.264526888 
0.180471964 	0.254933291 
0.133087874 	0.242190539 
0.127727604 	0.273538463 
0.370405521 	0.616782359 
0.352328882 	0.591522298 
0.872312216 	0.698064200 
0.847595361 	0.671692228 
0.698549880 	0.126946423 
0.673391777 	0.147562496 
0.301930663 	0.872048431 
0.328389539 	0.847675747 
0.126946423 	0.301450120 
0.147562496 	0.326608223 
0.721787786 	0.868898384 
0.736099927 	0.840641453 
0.755513991 	0.868121172 
0.130919289 	0.721459543 
0.159228827 	0.735781725 
0.131666054 	0.754912289 
0.752030257 	0.816751077 
0.182989592 	0.751572292 
0.869144301 	0.277527963 
0.840924825 	0.263136351 
0.868158627 	0.244406539 
0.816879706 	0.247859290 
0.263248903 	0.159404239 
0.244294564 	0.131981369 
0.277526185 	0.131233746 
0.247872843 	0.183197306 
0.422339971 	0.713759590 
0.713759590 	0.577660029 
0.390553919 	0.720132209 
0.418851774 	0.739794149 
0.740146659 	0.581041052 
0.720484720 	0.609338908 
0.286240410 	0.422339971 
0.317421521 	0.422286910 
0.577660029 	0.286240410 
0.279515280 	0.390661092 
0.259853341 	0.418958948 
0.609452577 	0.279830102 
0.581154722 	0.260168163 
0.706504790 	0.889122485 
0.110744824 	0.706198919 
0.889122485 	0.293495210 
0.293382057 	0.110972005 
0.640706216 	0.788642778 
0.211215544 	0.640992274 
0.788865843 	0.358689283 
0.358691198 	0.211139033 
0.581882233 	0.514179376 
0.605919640 	0.512624585 
0.597790390 	0.545370280 
0.719854740 	0.773066397 
0.226754355 	0.719692606 
0.770918540 	0.281039090 
0.281033803 	0.229141561 
0.223549208 	0.813978257 
0.814029142 	0.776421977 
0.776436269 	0.185958586 
0.185960092 	0.223572288 
0.440418357 	0.755281713 
0.244718287 	0.440418357 
0.755281713 	0.559581643 
0.559581643 	0.244718287 
0.349206915 	0.632194708 
0.473144593 	0.976274179 
0.469486478 	0.942296069 
0.023725821 	0.473144593 
0.057703931 	0.469486478 
0.976274179 	0.526855407 
0.942296069 	0.530513522 
0.526855407 	0.023725821 
0.530729431 	0.057984333 
0.663770812 	0.977752225 
0.659539057 	0.942413377 
0.683268245 	0.964661152 
0.020079846 	0.664080906 
0.055418694 	0.659849151 
0.035338848 	0.683268245 
0.977752225 	0.336229188 
0.944281979 	0.340273696 
0.966529754 	0.316544508 
0.335892264 	0.019831487 
0.339924311 	0.053312518 
0.316532047 	0.033481030 
0.441894593 	0.976274179 
0.023725821 	0.441894593 
0.976274179 	0.558105407 
0.558105407 	0.023725821 
0.452422867 	0.643657561 
0.482328434 	0.632005267 
0.470843303 	0.601736972 
0.438298627 	0.588859909 
0.742852565 	0.955819941 
0.044200174 	0.742796932 
0.954466819 	0.255132568 
0.255099078 	0.045501984 
0.973168231 	0.582034053 
0.582034053 	0.026831769 
0.417965947 	0.973168231 
0.026831769 	0.417965947 
0.350395301 	0.452581571 
0.363905201 	0.482530778 
0.786882899 	0.856718875 
0.143488590 	0.786762554 
0.856109605 	0.210690046 
0.213007771 	0.143314690 
0.629071130 	0.935539877 
0.062292194 	0.629381224 
0.935547320 	0.370926341 
0.370590427 	0.062038965 
0.920354879 	0.733526136 
0.948553262 	0.744759809 
0.733630447 	0.079905955 
0.744878029 	0.051742350 
0.266469529 	0.920299225 
0.255235278 	0.948490188 
0.079835152 	0.266539737 
0.051499692 	0.255273022 
0.594065132 	0.573261379 
0.579409135 	0.596513276 
0.559096985 	0.570176967 
0.850999134 	0.817120440 
0.880092655 	0.828863762 
0.860597835 	0.841869644 
0.182879560 	0.850999134 
0.171135304 	0.880064464 
0.158129423 	0.860569644 
0.817120440 	0.149000866 
0.828863762 	0.119907345 
0.841869644 	0.139402165 
0.149000866 	0.182879560 
0.119558453 	0.171477379 
0.139053273 	0.158471497 
0.735606528 	0.690869080 
0.754306779 	0.708998870 
0.730802749 	0.724366331 
0.309002312 	0.735183515 
0.291001130 	0.754306779 
0.275505061 	0.730379736 
0.779451488 	0.699407000 
0.300593000 	0.779451488 
0.690869080 	0.264393472 
0.708998870 	0.245693221 
0.724366331 	0.269197251 
0.699407000 	0.220548512 
0.264393472 	0.309130920 
0.245693221 	0.291001130 
0.269197251 	0.275633669 
0.220548512 	0.300593000 
0.871643607 	0.869007980 
0.842550085 	0.857264657 
0.130982684 	0.871361696 
0.142726941 	0.842296366 
0.869007980 	0.128356393 
0.857264657 	0.157449915 
0.127963808 	0.131815798 
0.157406222 	0.143217979 
0.513255335 	0.910705991 
0.089294009 	0.513255335 
0.910705991 	0.486744665 
0.486960574 	0.089574410 
0.703216246 	0.980114527 
0.019885473 	0.703216246 
0.978761405 	0.294768887 
0.294750169 	0.021247310 
0.832714056 	0.902366247 
0.860207457 	0.914679619 
0.097908908 	0.832348962 
0.085311979 	0.859953738 
0.880561514 	0.895267124 
0.887173114 	0.925543750 
0.074456250 	0.887173114 
0.104724474 	0.880307795 
0.902366247 	0.167285944 
0.914679619 	0.139792543 
0.925543750 	0.112826886 
0.895267124 	0.119438486 
0.167244612 	0.097722561 
0.139748849 	0.085803017 
0.112839686 	0.074109684 
0.119407593 	0.104868947 
0.573987366 	0.430761814 
0.592271617 	0.457290785 
0.617928409 	0.436580145 
0.523970306 	0.376314399 
0.550133971 	0.403414836 
0.552554981 	0.356226031 
0.555863201 	0.616764907 
0.590831348 	0.619849318 
0.633063394 	0.523288928 
0.265868472 	0.973018926 
0.973074580 	0.734127193 
0.027115452 	0.265938679 
0.734231505 	0.027186255 
0.854878804 	0.785467798 
0.785467798 	0.145121196 
0.214532202 	0.854878804 
0.145121196 	0.214532202 
0.687090727 	0.861642766 
0.138307598 	0.687068355 
0.861888683 	0.312225022 
0.312336396 	0.138394874 
0.239366806 	0.975471262 
0.975478683 	0.760632616 
0.024384240 	0.239334343 
0.760646524 	0.024556095 
0.558601588 	0.521641485 
0.612581431 	0.629804474 
0.589035498 	0.650056105 
0.632293881 	0.652282119 
0.619993640 	0.414519198 
0.629534780 	0.389360218 
0.650866207 	0.414853421 
0.652480162 	0.367946130 
0.427136580 	0.620779535 
0.521211215 	0.495007687 
0.618102539 	0.571706589 
0.643914834 	0.551050246 
0.632520812 	0.977752225 
0.020079846 	0.632830906 
0.977752225 	0.367479188 
0.367142264 	0.019831487 
0.408632304 	0.761654332 
0.762006843 	0.591260522 
0.237993157 	0.408739478 
0.591374192 	0.238307979 
0.572743587 	0.383739964 
0.741868691 	0.768067016 
0.761514506 	0.789830415 
0.231753736 	0.741706557 
0.209961523 	0.761301487 
0.768158191 	0.258100327 
0.789935881 	0.238442239 
0.258112702 	0.231873316 
0.238456120 	0.210104182 
0.924863938 	0.924165980 
0.923789864 	0.954777879 
0.906453097 	0.936743154 
0.075834020 	0.924863938 
0.045222121 	0.923789864 
0.063256846 	0.906453097 
0.937441112 	0.905755139 
0.954777879 	0.923789864 
0.094244861 	0.937441112 
0.076210136 	0.954777879 
0.905755139 	0.062558888 
0.923789864 	0.045222121 
0.924165980 	0.075136062 
0.062571688 	0.093898296 
0.045222121 	0.076210136 
0.075148862 	0.075487455 
0.954777879 	0.076210136 
0.936743154 	0.093546903 
0.076210136 	0.045222121 
0.093559703 	0.062910280 
0.920902291 	0.705327456 
0.705718791 	0.079124774 
0.294581304 	0.920502466 
0.079053971 	0.294451393 
0.886099040 	0.956155649 
0.043844351 	0.886099040 
0.926241708 	0.886475156 
0.956155649 	0.886099040 
0.113524844 	0.926241708 
0.113900960 	0.956155649 
0.956155649 	0.113900960 
0.113900960 	0.043844351 
0.886475156 	0.073758292 
0.886099040 	0.043844351 
0.043844351 	0.113900960 
0.073771092 	0.113178278 
0.422360540 	0.949442410 
0.050557590 	0.422360540 
0.949442410 	0.577639460 
0.577639460 	0.050557590 
0.558613033 	0.722165959 
0.277834041 	0.558613033 
0.723310306 	0.437932856 
0.438279642 	0.276664526 
0.732362012 	0.666393674 
0.726242627 	0.635002830 
0.333619651 	0.731875883 
0.364903321 	0.725403987 
0.666438813 	0.267784919 
0.635161639 	0.274219125 
0.267349099 	0.333607928 
0.273468483 	0.364998772 
0.699855558 	0.631621807 
0.368391518 	0.699369428 
0.631666946 	0.300291373 
0.323691272 	0.374772681 
0.299855553 	0.368379795 
0.498944987 	0.613771212 
0.515950422 	0.588465890 
0.527435553 	0.618734186 
0.019885473 	0.734466246 
0.734466246 	0.980114527 
0.263500169 	0.021247310 
0.978761405 	0.263518887 
0.919480314 	0.604646119 
0.924861589 	0.581667427 
0.581667427 	0.075138411 
0.604933142 	0.080285917 
0.418332573 	0.924861589 
0.395360266 	0.919459418 
0.075138411 	0.418332573 
0.080285917 	0.395066858 
0.465458511 	0.917715248 
0.442261220 	0.927967537 
0.082284752 	0.465458511 
0.072032463 	0.442261220 
0.917715248 	0.534541489 
0.927967537 	0.557738780 
0.534757398 	0.082565153 
0.557738780 	0.072032463 
0.487105048 	0.907682879 
0.507676613 	0.886345090 
0.092317121 	0.487105048 
0.113654910 	0.507676613 
0.907682995 	0.512894913 
0.886345206 	0.492323347 
0.513485834 	0.092271634 
0.492698359 	0.113329022 
0.810149472 	0.808074619 
0.835383984 	0.798473679 
0.191896566 	0.810098587 
0.201526321 	0.835383984 
0.808088911 	0.189838256 
0.798473679 	0.164616016 
0.189839762 	0.191919645 
0.164616016 	0.201526321 
0.828230917 	0.655386830 
0.657114329 	0.166788912 
0.345068145 	0.828448267 
0.166788912 	0.342885671 
0.895108010 	0.720599206 
0.720886229 	0.104658220 
0.279313890 	0.894763840 
0.104658220 	0.279113771 
0.779310381 	0.812943579 
0.800665223 	0.834995281 
0.186947523 	0.778963665 
0.164924635 	0.800369392 
0.812995326 	0.220597876 
0.835032736 	0.199255307 
0.220600559 	0.187058737 
0.199256484 	0.165012770 
0.419439585 	0.018065000 
0.388189585 	0.018065000 
0.981616764 	0.419481619 
0.981616764 	0.388231619 
0.580518012 	0.981615677 
0.611768012 	0.981615677 
0.018095266 	0.580559358 
0.018095266 	0.611809358 
0.805016270 	0.697214729 
0.303240247 	0.805233619 
0.697441336 	0.194338111 
0.194338111 	0.302558664 
0.890189511 	0.983677527 
0.921439511 	0.983677527 
0.016322473 	0.890189511 
0.016322473 	0.921439511 
0.983677527 	0.109810489 
0.983677527 	0.078560489 
0.109810489 	0.016322473 
0.078560489 	0.016322473 
0.921439511 	0.016322473 
0.890189511 	0.016322473 
0.016322473 	0.078560489 
0.016322473 	0.109810489 
0.983677527 	0.921439511 
0.983677527 	0.890189511 
0.078560489 	0.983677527 
0.109810489 	0.983677527 
0.576052598 	0.408700867 
0.531554944 	0.567484267 
0.546210942 	0.544232369 
0.362746859 	0.428195450 
0.341292250 	0.426145584 
0.829604567 	0.687422475 
0.313114268 	0.829902301 
0.687847739 	0.169242223 
0.169242223 	0.312152261 
0.596596982 	0.411086942 
0.727489049 	0.747495501 
0.252504499 	0.727489049 
0.745256470 	0.273435764 
0.273418101 	0.254772125 
0.787434369 	0.594256823 
0.405781822 	0.787419351 
0.594461397 	0.212047259 
0.212012279 	0.405551233 
0.903134585 	0.836281688 
0.163717378 	0.903106394 
0.836281688 	0.096865415 
0.093407391 	0.166993653 
0.817721990 	0.851849914 
0.148437634 	0.817897475 
0.851203190 	0.179930425 
0.182246973 	0.148175599 
0.576928968 	0.951763905 
0.047947038 	0.576970314 
0.423049047 	0.047943014 
0.951765701 	0.423070422 
0.898609264 	0.879872111 
0.917323801 	0.860216012 
0.879872111 	0.101390736 
0.860216012 	0.082676199 
0.120126956 	0.898581072 
0.139783054 	0.917295610 
0.101054645 	0.120122465 
0.082327308 	0.140125129 
0.531059547 	0.518948784 
0.608318330 	0.939403329 
0.060307614 	0.608359676 
0.939411859 	0.391678772 
0.391637748 	0.060272478 
0.329773079 	0.397900789 
0.828767762 	0.878988250 
0.121290896 	0.828689528 
0.878341526 	0.168884654 
0.171157508 	0.121519899 
0.619288824 	0.959367902 
0.038175111 	0.619640264 
0.959368989 	0.380710807 
0.380331848 	0.037896488 

--------------------------------------------------------------------------------
ELEMENT CONNECTIVITY
--------------------------------------------------------------------------------
196	239	304	436	437	438
143	304	239	439	437	440
145	221	241	441	442	443
157	241	221	444	442	445
45	46	214	61	446	447
14	15	215	30	448	449
76	77	216	92	450	451
107	108	217	123	452	453
150	223	345	454	455	456
223	182	345	457	458	455
225	184	346	459	460	461
225	346	152	461	462	463
183	347	222	464	465	466
151	222	347	467	465	468
224	185	348	469	470	471
224	348	153	471	472	473
69	202	317	474	475	476
100	203	318	477	478	479
38	204	319	480	481	482
7	205	320	483	484	485
48	321	206	486	487	488
79	323	207	489	490	491
17	322	208	492	493	494
110	324	209	495	496	497
194	372	353	498	499	500
196	246	226	501	502	503
170	227	309	504	505	506
171	228	310	507	508	509
172	229	311	510	511	512
173	230	312	513	514	515
69	279	202	516	517	474
100	280	203	518	519	477
38	281	204	520	521	480
7	282	205	522	523	483
134	242	218	524	525	526
154	218	242	527	525	528
135	244	219	529	530	531
156	219	244	532	530	533
155	220	243	534	535	536
136	243	220	537	535	538
157	221	245	445	539	540
137	245	221	541	539	542
170	337	227	543	544	504
171	338	228	545	546	507
172	339	229	547	548	510
173	340	230	549	550	513
129	372	226	551	552	553
196	226	372	503	552	554
145	241	226	443	555	556
194	239	372	557	558	498
166	315	206	559	560	561
168	313	207	562	563	564
167	316	208	565	566	567
169	314	209	568	569	570
155	326	276	571	572	573
157	328	277	574	575	576
162	415	202	577	578	579
203	163	416	580	581	582
164	417	204	583	584	585
165	418	205	586	587	588
162	202	279	579	517	589
203	280	163	519	590	580
164	204	281	585	521	591
165	205	282	588	523	592
48	206	315	488	560	593
17	208	316	494	566	594
79	207	313	491	563	595
110	209	314	497	569	596
166	206	382	561	597	598
168	207	383	564	599	600
167	208	384	567	601	602
169	209	385	570	603	604
198	276	326	605	572	606
200	277	328	607	575	608
158	251	227	609	610	611
159	252	228	612	613	614
134	227	251	615	610	616
135	228	252	617	613	618
160	253	229	619	620	621
136	229	253	622	620	623
161	254	230	624	625	626
137	230	254	627	625	628
183	222	377	466	629	630
224	378	185	631	632	469
223	379	182	633	634	457
225	380	184	635	636	459
246	431	376	637	638	639
170	272	231	640	641	642
232	171	273	643	644	645
233	172	274	646	647	648
234	173	275	649	650	651
144	220	278	652	653	654
154	303	218	655	656	527
156	304	219	657	658	532
196	404	246	659	660	501
201	376	431	661	638	662
46	269	214	663	664	446
15	271	215	665	666	448
77	268	216	667	668	450
108	270	217	669	670	452
145	226	246	556	502	671
146	394	210	672	673	674
147	395	211	675	676	677
148	396	212	678	679	680
149	397	213	681	682	683
197	240	381	684	685	686
197	381	367	686	687	688
150	214	407	689	690	691
152	215	408	692	693	694
151	216	405	695	696	697
153	217	406	698	699	700
2	36	291	51	701	702
1	5	292	20	703	704
2	291	19	702	705	35
1	292	112	704	706	128
50	3	293	66	707	708
3	67	293	82	709	707
4	98	294	113	710	711
4	294	81	711	712	97
134	309	227	713	505	615
135	310	228	714	508	617
136	311	229	715	511	622
137	312	230	716	514	627
145	246	376	671	639	717
150	345	214	456	718	689
152	346	215	462	719	692
151	347	216	468	720	695
153	348	217	472	721	698
43	249	297	722	723	724
12	250	298	725	726	727
74	247	295	728	729	730
105	248	296	731	732	733
231	272	419	641	734	735
232	273	420	645	736	737
233	274	421	648	738	739
234	275	422	651	740	741
45	214	283	447	742	743
14	215	284	449	744	745
76	216	285	451	746	747
107	217	286	453	748	749
146	231	256	750	751	752
147	232	257	753	754	755
186	256	231	756	751	757
232	187	257	758	759	754
233	258	148	760	761	762
233	188	258	763	764	760
234	259	149	765	766	767
234	189	259	768	769	765
146	210	329	674	770	771
147	211	330	677	772	773
148	212	331	680	774	775
149	213	332	683	776	777
155	278	220	778	653	534
222	251	377	779	780	629
224	252	378	781	782	631
223	253	379	783	784	633
225	254	380	785	786	635
144	307	220	787	788	652
145	308	221	789	790	441
134	218	309	526	791	713
135	219	310	531	792	714
136	220	311	538	793	715
137	221	312	542	794	716
142	305	303	795	796	797
218	303	305	656	796	798
143	306	304	799	800	439
219	304	306	658	800	801
11	12	298	27	727	802
42	43	297	58	724	803
104	105	296	120	733	804
73	74	295	89	730	805
198	354	272	806	807	808
199	355	273	809	810	811
200	356	274	812	813	814
201	357	275	815	816	817
129	226	367	553	818	819
134	251	222	616	779	820
135	252	224	618	781	821
136	253	223	623	783	822
137	254	225	628	785	823
154	325	255	824	825	826
199	255	325	827	825	828
134	222	386	820	829	830
135	224	388	821	831	832
136	223	387	822	833	834
137	225	389	823	835	836
130	272	354	837	807	838
131	273	355	839	810	840
132	274	356	841	813	842
133	275	357	843	816	844
226	241	367	555	845	818
150	349	223	846	847	454
151	350	222	848	849	467
225	152	351	463	850	851
224	153	352	473	852	853
197	367	241	688	845	854
99	100	318	115	479	855
68	69	317	84	476	856
79	80	323	95	857	489
48	49	321	64	858	486
110	111	324	126	859	495
17	18	322	33	860	492
6	7	320	22	485	861
38	319	37	482	862	53
210	295	329	863	864	770
158	329	295	865	864	866
211	296	330	867	868	772
159	330	296	869	868	870
160	331	297	871	872	873
212	297	331	874	872	774
213	298	332	875	876	776
161	332	298	877	876	878
146	329	227	771	879	880
147	330	228	773	881	882
148	331	229	775	883	884
149	332	230	777	885	886
129	353	372	887	499	551
158	227	329	611	879	865
159	228	330	614	881	869
160	229	331	621	883	871
161	230	332	626	885	877
146	227	337	880	544	888
147	228	338	882	546	889
148	229	339	884	548	890
149	230	340	886	550	891
144	278	240	654	892	893
170	305	272	894	895	640
171	306	273	896	897	644
172	307	274	898	899	647
173	308	275	900	901	650
235	210	394	902	673	903
236	211	395	904	676	905
212	396	237	679	906	907
213	397	238	682	908	909
305	373	272	910	911	895
306	374	273	912	913	897
307	375	274	914	915	899
275	308	376	901	916	917
178	349	264	918	919	920
179	350	265	921	922	923
180	351	266	924	925	926
181	352	267	927	928	929
130	419	272	930	734	837
131	420	273	931	736	839
132	421	274	932	738	841
133	422	275	933	740	843
264	349	368	919	934	935
265	350	369	922	936	937
266	351	370	925	938	939
267	352	371	928	940	941
143	239	255	440	942	943
162	363	235	944	945	946
163	364	236	947	948	949
164	365	237	950	951	952
165	366	238	953	954	955
69	70	279	85	956	516
101	280	100	957	518	116
38	39	281	54	958	520
8	282	7	959	522	23
192	359	334	960	961	962
190	358	333	963	964	965
193	361	336	966	967	968
191	360	335	969	970	971
190	299	260	972	973	974
166	260	299	975	973	976
192	301	261	977	978	979
191	300	262	980	981	982
168	261	301	983	978	984
167	262	300	985	981	986
193	302	263	987	988	989
169	263	302	990	988	991
143	255	374	943	992	993
150	407	299	691	994	995
152	408	300	694	996	997
151	405	301	697	998	999
153	406	302	700	1000	1001
162	256	287	1002	1003	1004
163	257	288	1005	1006	1007
186	287	256	1008	1003	756
187	288	257	1009	1006	759
164	258	289	1010	1011	1012
258	188	289	764	1013	1011
259	290	165	1014	1015	1016
259	189	290	769	1017	1014
154	242	325	528	1018	824
155	243	326	536	1019	571
179	325	242	1020	1018	1021
243	178	326	1022	1023	1019
156	244	327	533	1024	1025
157	245	328	540	1026	574
181	327	244	1027	1024	1028
180	328	245	1029	1026	1030
162	235	394	946	903	1031
163	236	395	949	905	1032
164	237	396	952	906	1033
165	238	397	955	908	1034
146	337	231	888	1035	750
147	338	232	889	1036	753
233	148	339	762	890	1037
234	149	340	767	891	1038
170	231	337	642	1035	543
232	338	171	1036	545	643
233	339	172	1037	547	646
234	340	173	1038	549	649
195	240	403	1039	1040	1041
186	231	419	757	735	1042
232	420	187	737	1043	758
233	421	188	739	1044	763
234	422	189	741	1045	768
192	261	359	979	1046	960
190	260	358	974	1047	963
191	262	360	982	1048	969
193	263	361	989	1049	966
134	386	242	830	1050	524
135	388	244	832	1051	529
136	387	243	834	1052	537
137	389	245	836	1053	541
199	374	255	1054	992	827
74	392	247	1055	1056	728
105	393	248	1057	1058	731
43	390	249	1059	1060	722
12	391	250	1061	1062	725
71	399	235	1063	1064	1065
102	400	236	1066	1067	1068
40	401	237	1069	1070	1071
9	402	238	1072	1073	1074
74	75	392	90	1075	1055
105	106	393	121	1076	1057
44	390	43	1077	1059	59
13	391	12	1078	1061	28
154	398	303	1079	1080	655
194	398	239	1081	1082	557
162	279	363	589	1083	944
163	280	364	590	1084	947
164	281	365	591	1085	950
165	282	366	592	1086	953
44	45	283	60	743	1087
14	284	13	745	1088	29
75	76	285	91	747	1089
106	107	286	122	749	1090
156	404	304	1091	1092	657
162	287	415	1004	1093	577
163	288	416	1007	1094	581
164	289	417	1012	1095	583
165	290	418	1015	1096	586
235	399	210	1064	1097	902
236	400	211	1067	1098	904
212	237	401	907	1070	1099
213	238	402	909	1073	1100
166	269	315	1101	1102	559
167	271	316	1103	1104	565
168	268	313	1105	1106	562
169	270	314	1107	1108	568
195	276	362	1109	1110	1111
138	382	432	1112	1113	1114
139	383	433	1115	1116	1117
140	384	434	1118	1119	1120
141	385	435	1121	1122	1123
130	264	333	1124	1125	1126
131	265	334	1127	1128	1129
190	333	264	965	1125	1130
192	334	265	962	1128	1131
132	266	335	1132	1133	1134
191	335	266	971	1133	1135
133	267	336	1136	1137	1138
193	336	267	968	1137	1139
138	432	341	1114	1140	1141
139	433	342	1117	1142	1143
140	434	343	1120	1144	1145
141	435	344	1123	1146	1147
158	295	247	866	729	1148
159	296	248	870	732	1149
160	297	249	873	723	1150
161	298	250	878	726	1151
71	235	363	1065	945	1152
102	236	364	1068	948	1153
40	237	365	1071	951	1154
9	238	366	1074	954	1155
317	202	341	475	1156	1157
203	342	318	1158	1159	478
317	341	174	1157	1160	1161
175	318	342	1162	1159	1163
204	343	319	1164	1165	481
176	319	343	1166	1165	1167
205	344	320	1168	1169	484
177	320	344	1170	1169	1171
197	409	240	1172	1173	684
144	240	409	893	1173	1174
197	241	410	854	1175	1176
157	410	241	1177	1175	444
142	362	276	1178	1110	1179
240	278	403	892	1180	1040
78	268	77	1181	667	93
46	47	269	62	1182	663
108	109	270	124	1183	669
15	16	271	31	1184	665
166	382	260	598	1185	975
167	384	262	602	1186	985
168	383	261	600	1187	983
169	385	263	604	1188	990
162	394	256	1031	1189	1002
163	395	257	1032	1190	1005
164	396	258	1033	1191	1010
259	165	397	1016	1034	1192
78	79	313	94	595	1193
47	48	315	63	593	1194
109	110	314	125	596	1195
17	316	16	594	1196	32
195	381	240	1197	685	1039
196	372	239	554	558	436
142	276	373	1179	1198	1199
198	373	276	1200	1198	605
144	277	375	1201	1202	1203
200	375	277	1204	1202	607
239	398	255	1082	1205	942
129	367	381	819	687	1206
155	276	403	573	1207	1208
71	72	399	87	1209	1063
102	103	400	118	1210	1066
40	41	401	56	1211	1069
10	402	9	1212	1072	25
179	242	386	1021	1050	1213
243	387	178	1052	1214	1022
181	244	388	1028	1051	1215
180	245	389	1030	1053	1216
157	277	410	576	1217	1177
186	333	358	1218	964	1219
187	334	359	1220	961	1221
188	335	360	1222	970	1223
189	336	361	1224	967	1225
174	293	423	1226	1227	1228
175	294	424	1229	1230	1231
174	427	293	1232	1233	1226
175	425	294	1234	1235	1229
176	428	291	1236	1237	1238
177	426	292	1239	1240	1241
176	291	429	1238	1242	1243
177	292	430	1241	1244	1245
214	269	407	664	1246	690
215	271	408	666	1247	693
216	268	405	668	1248	696
217	270	406	670	1249	699
317	174	423	1161	1228	1250
175	424	318	1231	1251	1162
174	321	427	1252	1253	1232
175	323	425	1254	1255	1234
176	429	319	1243	1256	1166
177	430	320	1245	1257	1170
176	322	428	1258	1259	1236
324	426	177	1260	1239	1261
75	285	392	1089	1262	1075
106	286	393	1090	1263	1076
44	283	390	1087	1264	1077
13	284	391	1088	1265	1078
78	313	268	1193	1106	1181
109	314	270	1195	1108	1183
47	315	269	1194	1102	1182
16	316	271	1196	1104	1184
305	309	218	1266	791	798
306	310	219	1267	792	801
307	311	220	1268	793	788
221	308	312	790	1269	794
305	170	309	894	506	1266
306	171	310	896	509	1267
307	172	311	898	512	1268
173	312	308	515	1269	900
178	264	354	920	1270	1271
179	265	355	923	1272	1273
180	266	356	926	1274	1275
181	267	357	929	1276	1277
326	354	198	1278	806	606
325	355	199	1279	809	828
200	328	356	608	1280	812
201	327	357	1281	1282	815
194	303	398	1283	1080	1081
194	362	303	1284	1285	1283
142	303	362	797	1285	1178
101	102	364	117	1153	1286
70	71	363	86	1152	1287
8	9	366	24	1155	1288
39	40	365	55	1154	1289
283	345	182	1290	458	1291
184	284	346	1292	1293	460
283	214	345	742	718	1290
183	285	347	1294	1295	464
215	346	284	719	1293	744
185	286	348	1296	1297	470
216	347	285	720	1295	746
217	348	286	721	1297	748
183	247	392	1298	1056	1299
185	248	393	1300	1058	1301
182	249	390	1302	1060	1303
184	250	391	1304	1062	1305
158	247	377	1148	1306	1307
159	248	378	1149	1308	1309
160	249	379	1150	1310	1311
161	250	380	1151	1312	1313
138	358	260	1314	1047	1315
139	359	261	1316	1046	1317
140	360	262	1318	1048	1319
141	361	263	1320	1049	1321
130	354	264	838	1270	1124
131	355	265	840	1272	1127
132	356	266	842	1274	1132
133	357	267	844	1276	1136
183	377	247	630	1306	1298
185	378	248	632	1308	1300
182	379	249	634	1310	1302
184	380	250	636	1312	1304
150	368	349	1322	934	846
152	370	351	1323	938	850
151	369	350	1324	936	848
153	371	352	1325	940	852
166	407	269	1326	1246	1101
167	408	271	1327	1247	1103
168	405	268	1328	1248	1105
169	406	270	1329	1249	1107
186	358	287	1219	1330	1008
138	287	358	1331	1330	1314
187	359	288	1221	1332	1009
139	288	359	1333	1332	1316
188	360	289	1223	1334	1013
140	289	360	1335	1334	1318
189	361	290	1225	1336	1017
141	290	361	1337	1336	1320
195	403	276	1041	1207	1109
198	272	373	808	911	1200
199	273	374	811	913	1054
200	274	375	814	915	1204
201	275	376	817	917	661
158	377	251	1307	780	609
159	378	252	1309	782	612
160	379	253	1311	784	619
161	380	254	1313	786	624
10	11	414	26	1338	1339
42	413	41	1340	1341	57
72	73	411	88	1342	1343
103	104	412	119	1344	1345
190	264	368	1130	935	1346
192	265	369	1131	937	1347
191	266	370	1135	939	1348
193	267	371	1139	941	1349
68	423	67	1350	1351	83
98	99	424	114	1352	1353
36	37	429	52	1354	1355
6	430	5	1356	1357	21
18	19	428	34	1358	1359
111	112	426	127	1360	1361
50	427	49	1362	1363	65
80	81	425	96	1364	1365
325	179	355	1020	1273	1279
326	178	354	1023	1271	1278
327	181	357	1027	1277	1282
180	356	328	1275	1280	1029
197	410	277	1176	1217	1366
138	260	382	1315	1185	1112
139	261	383	1317	1187	1115
140	262	384	1319	1186	1118
141	263	385	1321	1188	1121
146	256	394	752	1189	672
147	257	395	755	1190	675
258	396	148	1191	678	761
259	397	149	1192	681	766
154	255	398	826	1205	1079
70	363	279	1287	1083	956
101	364	280	1286	1084	957
39	365	281	1289	1085	958
8	366	282	1288	1086	959
196	304	404	438	1092	659
195	362	353	1111	1367	1368
404	431	246	1369	637	660
156	431	404	1370	1369	1091
283	182	390	1291	1303	1264
184	391	284	1305	1265	1292
183	392	285	1299	1262	1294
185	393	286	1301	1263	1296
190	368	299	1346	1371	972
150	299	368	995	1371	1322
192	369	301	1347	1372	977
191	370	300	1348	1373	980
151	301	369	999	1372	1324
152	300	370	997	1373	1323
193	371	302	1349	1374	987
153	302	371	1001	1374	1325
197	277	409	1366	1375	1172
144	409	277	1174	1375	1201
186	419	333	1042	1376	1218
187	420	334	1043	1377	1220
188	421	335	1044	1378	1222
189	422	336	1045	1379	1224
305	142	373	795	1199	910
306	143	374	799	993	912
307	144	375	787	1203	914
145	376	308	717	916	789
155	403	278	1208	1180	778
178	387	349	1214	1380	918
179	386	350	1213	1381	921
180	389	351	1216	1382	924
181	388	352	1215	1383	927
194	353	362	500	1367	1284
206	432	382	1384	1113	597
207	433	383	1385	1116	599
208	434	384	1386	1119	601
209	435	385	1387	1122	603
138	415	287	1388	1093	1331
139	416	288	1389	1094	1333
140	417	289	1390	1095	1335
141	418	290	1391	1096	1337
73	295	411	805	1392	1342
104	296	412	804	1393	1344
11	298	414	802	1394	1338
42	297	413	803	1395	1340
174	432	321	1396	1397	1252
206	321	432	487	1397	1384
176	434	322	1398	1399	1258
175	433	323	1400	1401	1254
322	434	208	1399	1386	493
323	433	207	1401	1385	490
324	177	435	1261	1402	1403
324	435	209	1403	1387	496
168	301	405	984	998	1328
166	299	407	976	994	1326
169	302	406	991	1000	1329
167	300	408	986	996	1327
195	353	381	1368	1404	1197
210	411	295	1405	1392	863
211	412	296	1406	1393	867
212	413	297	1407	1395	874
213	414	298	1408	1394	875
36	429	291	1355	1242	701
5	430	292	1357	1244	703
19	291	428	705	1237	1358
67	423	293	1351	1227	709
98	424	294	1353	1230	710
50	293	427	708	1233	1362
112	292	426	706	1240	1360
81	294	425	712	1235	1364
129	381	353	1206	1404	887
327	431	156	1409	1370	1025
201	431	327	662	1409	1281
222	350	386	849	1381	829
223	349	387	847	1380	833
224	352	388	853	1383	831
225	351	389	851	1382	835
68	317	423	856	1250	1350
99	318	424	855	1251	1352
37	319	429	862	1256	1354
6	320	430	861	1257	1356
49	427	321	1363	1253	858
18	428	322	1359	1259	860
80	425	323	1365	1255	857
111	426	324	1361	1260	859
138	341	415	1141	1410	1388
139	342	416	1143	1411	1389
140	343	417	1145	1412	1390
141	344	418	1147	1413	1391
130	333	419	1126	1376	930
131	334	420	1129	1377	931
132	335	421	1134	1378	932
133	336	422	1138	1379	933
202	415	341	578	1410	1156
203	416	342	582	1411	1158
204	417	343	584	1412	1164
344	205	418	1168	587	1413
174	341	432	1160	1140	1396
175	342	433	1163	1142	1400
176	343	434	1167	1144	1398
344	435	177	1146	1402	1171
399	411	210	1414	1405	1097
211	400	412	1098	1415	1406
401	413	212	1416	1407	1099
213	402	414	1100	1417	1408
72	411	399	1343	1414	1209
103	412	400	1345	1415	1210
41	413	401	1341	1416	1211
10	414	402	1339	1417	1212

--------------------------------------------------------------------------------
NUMBER OF BOUNDARY TYPES        TOTAL NUMBER OF ELEMENTS
--------------------------------------------------------------------------------
3                               64

--------------------------------------------------------------------------------
BOUNDARY 1        CONSTRAINS (0-free 1-const 2-glue)  VALUES (default = 0.)
NUMB. OF ELEM.    Ux     Uy     Uz                    Ux     Uy     Uz  
--------------------------------------------------------------------------------
16                0      1      0                     .0     0.     0.

--------------------------------------------------------------------------------
BOUNDARY 1 - CONNECTIVITY
--------------------------------------------------------------------------------
3	67	82
67	68	83
68	69	84
69	70	85
70	71	86
71	72	87
72	73	88
73	74	89
74	75	90
75	76	91
76	77	92
77	78	93
78	79	94
79	80	95
80	81	96
81	4	97

--------------------------------------------------------------------------------
BOUNDARY 2        CONSTRAINS (0-free 1-const 2-glue)  VALUES (default = 0.)
NUMB. OF ELEM.    Ux     Uy     Uz                    Ux     Uy     Uz  
--------------------------------------------------------------------------------
32                1      1      0                     0.     0.     0.

--------------------------------------------------------------------------------
BOUNDARY 2 - CONNECTIVITY
--------------------------------------------------------------------------------
2	36	51
36	37	52
37	38	53
38	39	54
39	40	55
40	41	56
41	42	57
42	43	58
43	44	59
44	45	60
45	46	61
46	47	62
47	48	63
48	49	64
49	50	65
50	3	66
4	98	113
98	99	114
99	100	115
100	101	116
101	102	117
102	103	118
103	104	119
104	105	120
105	106	121
106	107	122
107	108	123
108	109	124
109	110	125
110	111	126
111	112	127
112	1	128

--------------------------------------------------------------------------------
BOUNDARY 3        CONSTRAINS (0-free 1-const 2-glue)  VALUES (default = 0.)
NUMB. OF ELEM.    Ux     Uy     Uz                    Ux     Uy     Uz  
--------------------------------------------------------------------------------
16                1      1      0                     0.     0.     0.

--------------------------------------------------------------------------------
BOUNDARY 3 - CONNECTIVITY
--------------------------------------------------------------------------------
1	5	20
5	6	21
6	7	22
7	8	23
8	9	24
9	10	25
10	11	26
11	12	27
12	13	28
13	14	29
14	15	30
15	16	31
16	17	32
17	18	33
18	19	34
19	2	35
