--------------------------------------------------------------------------------
ELEMENTS        NODES        TIME STEPS     PRINTING FREQ
--------------------------------------------------------------------------------
1760            3645         100000         1

--------------------------------------------------------------------------------
UNDISTURBED VELOCITY AND PRESSURE
Ux      Uy      Uz      P
--------------------------------------------------------------------------------
1.0     0.0     0.0     0.0

--------------------------------------------------------------------------------
DENSITY      TEMPERATURE      VISCOSITY      THERMAL CONDITIVITY
--------------------------------------------------------------------------------
1.E0         300              0.01            0.0

--------------------------------------------------------------------------------
TIME STEP       TIME INTEGRATION SCHEME (1- Implicit Euler, 2- Adams-Bashforth)
--------------------------------------------------------------------------------
0.1             0.5

--------------------------------------------------------------------------------
EXTERNAL FIELD FORCES CONSTANTS
Gx       Gy       Gz
--------------------------------------------------------------------------------
0.0      0.0      0.0

--------------------------------------------------------------------------------
NODAL COORDINATES
--------------------------------------------------------------------------------
0	0
20	0
0	11
20	11
0.5	0
1	0
1.5	0
2	0
2.5	0
3	0
3.5	0
4	0
4.5	0
5	0
5.5	0
6	0
6.5	0
7	0
7.5	0
8	0
8.5	0
9	0
9.5	0
10	0
10.5	0
11	0
11.5	0
12	0
12.5	0
13	0
13.5	0
14	0
14.5	0
15	0
15.5	0
16	0
16.5	0
17	0
17.5	0
18	0
18.5	0
19	0
19.5	0
0.25	0
0.75	0
1.25	0
1.75	0
2.25	0
2.75	0
3.25	0
3.75	0
4.25	0
4.75	0
5.25	0
5.75	0
6.25	0
6.75	0
7.25	0
7.75	0
8.25	0
8.75	0
9.25	0
9.75	0
10.25	0
10.75	0
11.25	0
11.75	0
12.25	0
12.75	0
13.25	0
13.75	0
14.25	0
14.75	0
15.25	0
15.75	0
16.25	0
16.75	0
17.25	0
17.75	0
18.25	0
18.75	0
19.25	0
19.75	0
0.5	11
1	11
1.5	11
2	11
2.5	11
3	11
3.5	11
4	11
4.5	11
5	11
5.5	11
6	11
6.5	11
7	11
7.5	11
8	11
8.5	11
9	11
9.5	11
10	11
10.5	11
11	11
11.5	11
12	11
12.5	11
13	11
13.5	11
14	11
14.5	11
15	11
15.5	11
16	11
16.5	11
17	11
17.5	11
18	11
18.5	11
19	11
19.5	11
0.25	11
0.75	11
1.25	11
1.75	11
2.25	11
2.75	11
3.25	11
3.75	11
4.25	11
4.75	11
5.25	11
5.75	11
6.25	11
6.75	11
7.25	11
7.75	11
8.25	11
8.75	11
9.25	11
9.75	11
10.25	11
10.75	11
11.25	11
11.75	11
12.25	11
12.75	11
13.25	11
13.75	11
14.25	11
14.75	11
15.25	11
15.75	11
16.25	11
16.75	11
17.25	11
17.75	11
18.25	11
18.75	11
19.25	11
19.75	11
0	0.5
0	1
0	1.5
0	2
0	2.5
0	3
0	3.5
0	4
0	4.5
0	5
0	5.5
0	6
0	6.5
0	7
0	7.5
0	8
0	8.5
0	9
0	9.5
0	10
0	10.5
0	0.25
0	0.75
0	1.25
0	1.75
0	2.25
0	2.75
0	3.25
0	3.75
0	4.25
0	4.75
0	5.25
0	5.75
0	6.25
0	6.75
0	7.25
0	7.75
0	8.25
0	8.75
0	9.25
0	9.75
0	10.25
0	10.75
20	0.5
20	1
20	1.5
20	2
20	2.5
20	3
20	3.5
20	4
20	4.5
20	5
20	5.5
20	6
20	6.5
20	7
20	7.5
20	8
20	8.5
20	9
20	9.5
20	10
20	10.5
20	0.25
20	0.75
20	1.25
20	1.75
20	2.25
20	2.75
20	3.25
20	3.75
20	4.25
20	4.75
20	5.25
20	5.75
20	6.25
20	6.75
20	7.25
20	7.75
20	8.25
20	8.75
20	9.25
20	9.75
20	10.25
20	10.75
0.5	0.5
0.5	1
0.5	1.5
0.5	2
0.5	2.5
0.5	3
0.5	3.5
0.5	4
0.5	4.5
0.5	5
0.5	5.5
0.5	6
0.5	6.5
0.5	7
0.5	7.5
0.5	8
0.5	8.5
0.5	9
0.5	9.5
0.5	10
0.5	10.5
1	0.5
1	1
1	1.5
1	2
1	2.5
1	3
1	3.5
1	4
1	4.5
1	5
1	5.5
1	6
1	6.5
1	7
1	7.5
1	8
1	8.5
1	9
1	9.5
1	10
1	10.5
1.5	0.5
1.5	1
1.5	1.5
1.5	2
1.5	2.5
1.5	3
1.5	3.5
1.5	4
1.5	4.5
1.5	5
1.5	5.5
1.5	6
1.5	6.5
1.5	7
1.5	7.5
1.5	8
1.5	8.5
1.5	9
1.5	9.5
1.5	10
1.5	10.5
2	0.5
2	1
2	1.5
2	2
2	2.5
2	3
2	3.5
2	4
2	4.5
2	5
2	5.5
2	6
2	6.5
2	7
2	7.5
2	8
2	8.5
2	9
2	9.5
2	10
2	10.5
2.5	0.5
2.5	1
2.5	1.5
2.5	2
2.5	2.5
2.5	3
2.5	3.5
2.5	4
2.5	4.5
2.5	5
2.5	5.5
2.5	6
2.5	6.5
2.5	7
2.5	7.5
2.5	8
2.5	8.5
2.5	9
2.5	9.5
2.5	10
2.5	10.5
3	0.5
3	1
3	1.5
3	2
3	2.5
3	3
3	3.5
3	4
3	4.5
3	5
3	5.5
3	6
3	6.5
3	7
3	7.5
3	8
3	8.5
3	9
3	9.5
3	10
3	10.5
3.5	0.5
3.5	1
3.5	1.5
3.5	2
3.5	2.5
3.5	3
3.5	3.5
3.5	4
3.5	4.5
3.5	5
3.5	5.5
3.5	6
3.5	6.5
3.5	7
3.5	7.5
3.5	8
3.5	8.5
3.5	9
3.5	9.5
3.5	10
3.5	10.5
4	0.5
4	1
4	1.5
4	2
4	2.5
4	3
4	3.5
4	4
4	4.5
4	5
4	5.5
4	6
4	6.5
4	7
4	7.5
4	8
4	8.5
4	9
4	9.5
4	10
4	10.5
4.5	0.5
4.5	1
4.5	1.5
4.5	2
4.5	2.5
4.5	3
4.5	3.5
4.5	4
4.5	4.5
4.5	5
4.5	5.5
4.5	6
4.5	6.5
4.5	7
4.5	7.5
4.5	8
4.5	8.5
4.5	9
4.5	9.5
4.5	10
4.5	10.5
5	0.5
5	1
5	1.5
5	2
5	2.5
5	3
5	3.5
5	4
5	4.5
5	5
5	5.5
5	6
5	6.5
5	7
5	7.5
5	8
5	8.5
5	9
5	9.5
5	10
5	10.5
5.5	0.5
5.5	1
5.5	1.5
5.5	2
5.5	2.5
5.5	3
5.5	3.5
5.5	4
5.5	4.5
5.5	5
5.5	5.5
5.5	6
5.5	6.5
5.5	7
5.5	7.5
5.5	8
5.5	8.5
5.5	9
5.5	9.5
5.5	10
5.5	10.5
6	0.5
6	1
6	1.5
6	2
6	2.5
6	3
6	3.5
6	4
6	4.5
6	5
6	5.5
6	6
6	6.5
6	7
6	7.5
6	8
6	8.5
6	9
6	9.5
6	10
6	10.5
6.5	0.5
6.5	1
6.5	1.5
6.5	2
6.5	2.5
6.5	3
6.5	3.5
6.5	4
6.5	4.5
6.5	5
6.5	5.5
6.5	6
6.5	6.5
6.5	7
6.5	7.5
6.5	8
6.5	8.5
6.5	9
6.5	9.5
6.5	10
6.5	10.5
7	0.5
7	1
7	1.5
7	2
7	2.5
7	3
7	3.5
7	4
7	4.5
7	5
7	5.5
7	6
7	6.5
7	7
7	7.5
7	8
7	8.5
7	9
7	9.5
7	10
7	10.5
7.5	0.5
7.5	1
7.5	1.5
7.5	2
7.5	2.5
7.5	3
7.5	3.5
7.5	4
7.5	4.5
7.5	5
7.5	5.5
7.5	6
7.5	6.5
7.5	7
7.5	7.5
7.5	8
7.5	8.5
7.5	9
7.5	9.5
7.5	10
7.5	10.5
8	0.5
8	1
8	1.5
8	2
8	2.5
8	3
8	3.5
8	4
8	4.5
8	5
8	5.5
8	6
8	6.5
8	7
8	7.5
8	8
8	8.5
8	9
8	9.5
8	10
8	10.5
8.5	0.5
8.5	1
8.5	1.5
8.5	2
8.5	2.5
8.5	3
8.5	3.5
8.5	4
8.5	4.5
8.5	5
8.5	5.5
8.5	6
8.5	6.5
8.5	7
8.5	7.5
8.5	8
8.5	8.5
8.5	9
8.5	9.5
8.5	10
8.5	10.5
9	0.5
9	1
9	1.5
9	2
9	2.5
9	3
9	3.5
9	4
9	4.5
9	5
9	5.5
9	6
9	6.5
9	7
9	7.5
9	8
9	8.5
9	9
9	9.5
9	10
9	10.5
9.5	0.5
9.5	1
9.5	1.5
9.5	2
9.5	2.5
9.5	3
9.5	3.5
9.5	4
9.5	4.5
9.5	5
9.5	5.5
9.5	6
9.5	6.5
9.5	7
9.5	7.5
9.5	8
9.5	8.5
9.5	9
9.5	9.5
9.5	10
9.5	10.5
10	0.5
10	1
10	1.5
10	2
10	2.5
10	3
10	3.5
10	4
10	4.5
10	5
10	5.5
10	6
10	6.5
10	7
10	7.5
10	8
10	8.5
10	9
10	9.5
10	10
10	10.5
10.5	0.5
10.5	1
10.5	1.5
10.5	2
10.5	2.5
10.5	3
10.5	3.5
10.5	4
10.5	4.5
10.5	5
10.5	5.5
10.5	6
10.5	6.5
10.5	7
10.5	7.5
10.5	8
10.5	8.5
10.5	9
10.5	9.5
10.5	10
10.5	10.5
11	0.5
11	1
11	1.5
11	2
11	2.5
11	3
11	3.5
11	4
11	4.5
11	5
11	5.5
11	6
11	6.5
11	7
11	7.5
11	8
11	8.5
11	9
11	9.5
11	10
11	10.5
11.5	0.5
11.5	1
11.5	1.5
11.5	2
11.5	2.5
11.5	3
11.5	3.5
11.5	4
11.5	4.5
11.5	5
11.5	5.5
11.5	6
11.5	6.5
11.5	7
11.5	7.5
11.5	8
11.5	8.5
11.5	9
11.5	9.5
11.5	10
11.5	10.5
12	0.5
12	1
12	1.5
12	2
12	2.5
12	3
12	3.5
12	4
12	4.5
12	5
12	5.5
12	6
12	6.5
12	7
12	7.5
12	8
12	8.5
12	9
12	9.5
12	10
12	10.5
12.5	0.5
12.5	1
12.5	1.5
12.5	2
12.5	2.5
12.5	3
12.5	3.5
12.5	4
12.5	4.5
12.5	5
12.5	5.5
12.5	6
12.5	6.5
12.5	7
12.5	7.5
12.5	8
12.5	8.5
12.5	9
12.5	9.5
12.5	10
12.5	10.5
13	0.5
13	1
13	1.5
13	2
13	2.5
13	3
13	3.5
13	4
13	4.5
13	5
13	5.5
13	6
13	6.5
13	7
13	7.5
13	8
13	8.5
13	9
13	9.5
13	10
13	10.5
13.5	0.5
13.5	1
13.5	1.5
13.5	2
13.5	2.5
13.5	3
13.5	3.5
13.5	4
13.5	4.5
13.5	5
13.5	5.5
13.5	6
13.5	6.5
13.5	7
13.5	7.5
13.5	8
13.5	8.5
13.5	9
13.5	9.5
13.5	10
13.5	10.5
14	0.5
14	1
14	1.5
14	2
14	2.5
14	3
14	3.5
14	4
14	4.5
14	5
14	5.5
14	6
14	6.5
14	7
14	7.5
14	8
14	8.5
14	9
14	9.5
14	10
14	10.5
14.5	0.5
14.5	1
14.5	1.5
14.5	2
14.5	2.5
14.5	3
14.5	3.5
14.5	4
14.5	4.5
14.5	5
14.5	5.5
14.5	6
14.5	6.5
14.5	7
14.5	7.5
14.5	8
14.5	8.5
14.5	9
14.5	9.5
14.5	10
14.5	10.5
15	0.5
15	1
15	1.5
15	2
15	2.5
15	3
15	3.5
15	4
15	4.5
15	5
15	5.5
15	6
15	6.5
15	7
15	7.5
15	8
15	8.5
15	9
15	9.5
15	10
15	10.5
15.5	0.5
15.5	1
15.5	1.5
15.5	2
15.5	2.5
15.5	3
15.5	3.5
15.5	4
15.5	4.5
15.5	5
15.5	5.5
15.5	6
15.5	6.5
15.5	7
15.5	7.5
15.5	8
15.5	8.5
15.5	9
15.5	9.5
15.5	10
15.5	10.5
16	0.5
16	1
16	1.5
16	2
16	2.5
16	3
16	3.5
16	4
16	4.5
16	5
16	5.5
16	6
16	6.5
16	7
16	7.5
16	8
16	8.5
16	9
16	9.5
16	10
16	10.5
16.5	0.5
16.5	1
16.5	1.5
16.5	2
16.5	2.5
16.5	3
16.5	3.5
16.5	4
16.5	4.5
16.5	5
16.5	5.5
16.5	6
16.5	6.5
16.5	7
16.5	7.5
16.5	8
16.5	8.5
16.5	9
16.5	9.5
16.5	10
16.5	10.5
17	0.5
17	1
17	1.5
17	2
17	2.5
17	3
17	3.5
17	4
17	4.5
17	5
17	5.5
17	6
17	6.5
17	7
17	7.5
17	8
17	8.5
17	9
17	9.5
17	10
17	10.5
17.5	0.5
17.5	1
17.5	1.5
17.5	2
17.5	2.5
17.5	3
17.5	3.5
17.5	4
17.5	4.5
17.5	5
17.5	5.5
17.5	6
17.5	6.5
17.5	7
17.5	7.5
17.5	8
17.5	8.5
17.5	9
17.5	9.5
17.5	10
17.5	10.5
18	0.5
18	1
18	1.5
18	2
18	2.5
18	3
18	3.5
18	4
18	4.5
18	5
18	5.5
18	6
18	6.5
18	7
18	7.5
18	8
18	8.5
18	9
18	9.5
18	10
18	10.5
18.5	0.5
18.5	1
18.5	1.5
18.5	2
18.5	2.5
18.5	3
18.5	3.5
18.5	4
18.5	4.5
18.5	5
18.5	5.5
18.5	6
18.5	6.5
18.5	7
18.5	7.5
18.5	8
18.5	8.5
18.5	9
18.5	9.5
18.5	10
18.5	10.5
19	0.5
19	1
19	1.5
19	2
19	2.5
19	3
19	3.5
19	4
19	4.5
19	5
19	5.5
19	6
19	6.5
19	7
19	7.5
19	8
19	8.5
19	9
19	9.5
19	10
19	10.5
19.5	0.5
19.5	1
19.5	1.5
19.5	2
19.5	2.5
19.5	3
19.5	3.5
19.5	4
19.5	4.5
19.5	5
19.5	5.5
19.5	6
19.5	6.5
19.5	7
19.5	7.5
19.5	8
19.5	8.5
19.5	9
19.5	9.5
19.5	10
19.5	10.5
0.5	0.25
0.25	0.25
0.25	0.5
0.5	0.75
0.25	0.75
0.25	1
0.5	1.25
0.25	1.25
0.25	1.5
0.5	1.75
0.25	1.75
0.25	2
0.5	2.25
0.25	2.25
0.25	2.5
0.5	2.75
0.25	2.75
0.25	3
0.5	3.25
0.25	3.25
0.25	3.5
0.5	3.75
0.25	3.75
0.25	4
0.5	4.25
0.25	4.25
0.25	4.5
0.5	4.75
0.25	4.75
0.25	5
0.5	5.25
0.25	5.25
0.25	5.5
0.5	5.75
0.25	5.75
0.25	6
0.5	6.25
0.25	6.25
0.25	6.5
0.5	6.75
0.25	6.75
0.25	7
0.5	7.25
0.25	7.25
0.25	7.5
0.5	7.75
0.25	7.75
0.25	8
0.5	8.25
0.25	8.25
0.25	8.5
0.5	8.75
0.25	8.75
0.25	9
0.5	9.25
0.25	9.25
0.25	9.5
0.5	9.75
0.25	9.75
0.25	10
0.5	10.25
0.25	10.25
0.25	10.5
0.5	10.75
0.25	10.75
1	0.25
0.75	0.25
0.75	0.5
1	0.75
0.75	0.75
0.75	1
1	1.25
0.75	1.25
0.75	1.5
1	1.75
0.75	1.75
0.75	2
1	2.25
0.75	2.25
0.75	2.5
1	2.75
0.75	2.75
0.75	3
1	3.25
0.75	3.25
0.75	3.5
1	3.75
0.75	3.75
0.75	4
1	4.25
0.75	4.25
0.75	4.5
1	4.75
0.75	4.75
0.75	5
1	5.25
0.75	5.25
0.75	5.5
1	5.75
0.75	5.75
0.75	6
1	6.25
0.75	6.25
0.75	6.5
1	6.75
0.75	6.75
0.75	7
1	7.25
0.75	7.25
0.75	7.5
1	7.75
0.75	7.75
0.75	8
1	8.25
0.75	8.25
0.75	8.5
1	8.75
0.75	8.75
0.75	9
1	9.25
0.75	9.25
0.75	9.5
1	9.75
0.75	9.75
0.75	10
1	10.25
0.75	10.25
0.75	10.5
1	10.75
0.75	10.75
1.5	0.25
1.25	0.25
1.25	0.5
1.5	0.75
1.25	0.75
1.25	1
1.5	1.25
1.25	1.25
1.25	1.5
1.5	1.75
1.25	1.75
1.25	2
1.5	2.25
1.25	2.25
1.25	2.5
1.5	2.75
1.25	2.75
1.25	3
1.5	3.25
1.25	3.25
1.25	3.5
1.5	3.75
1.25	3.75
1.25	4
1.5	4.25
1.25	4.25
1.25	4.5
1.5	4.75
1.25	4.75
1.25	5
1.5	5.25
1.25	5.25
1.25	5.5
1.5	5.75
1.25	5.75
1.25	6
1.5	6.25
1.25	6.25
1.25	6.5
1.5	6.75
1.25	6.75
1.25	7
1.5	7.25
1.25	7.25
1.25	7.5
1.5	7.75
1.25	7.75
1.25	8
1.5	8.25
1.25	8.25
1.25	8.5
1.5	8.75
1.25	8.75
1.25	9
1.5	9.25
1.25	9.25
1.25	9.5
1.5	9.75
1.25	9.75
1.25	10
1.5	10.25
1.25	10.25
1.25	10.5
1.5	10.75
1.25	10.75
2	0.25
1.75	0.25
1.75	0.5
2	0.75
1.75	0.75
1.75	1
2	1.25
1.75	1.25
1.75	1.5
2	1.75
1.75	1.75
1.75	2
2	2.25
1.75	2.25
1.75	2.5
2	2.75
1.75	2.75
1.75	3
2	3.25
1.75	3.25
1.75	3.5
2	3.75
1.75	3.75
1.75	4
2	4.25
1.75	4.25
1.75	4.5
2	4.75
1.75	4.75
1.75	5
2	5.25
1.75	5.25
1.75	5.5
2	5.75
1.75	5.75
1.75	6
2	6.25
1.75	6.25
1.75	6.5
2	6.75
1.75	6.75
1.75	7
2	7.25
1.75	7.25
1.75	7.5
2	7.75
1.75	7.75
1.75	8
2	8.25
1.75	8.25
1.75	8.5
2	8.75
1.75	8.75
1.75	9
2	9.25
1.75	9.25
1.75	9.5
2	9.75
1.75	9.75
1.75	10
2	10.25
1.75	10.25
1.75	10.5
2	10.75
1.75	10.75
2.5	0.25
2.25	0.25
2.25	0.5
2.5	0.75
2.25	0.75
2.25	1
2.5	1.25
2.25	1.25
2.25	1.5
2.5	1.75
2.25	1.75
2.25	2
2.5	2.25
2.25	2.25
2.25	2.5
2.5	2.75
2.25	2.75
2.25	3
2.5	3.25
2.25	3.25
2.25	3.5
2.5	3.75
2.25	3.75
2.25	4
2.5	4.25
2.25	4.25
2.25	4.5
2.5	4.75
2.25	4.75
2.25	5
2.5	5.25
2.25	5.25
2.25	5.5
2.5	5.75
2.25	5.75
2.25	6
2.5	6.25
2.25	6.25
2.25	6.5
2.5	6.75
2.25	6.75
2.25	7
2.5	7.25
2.25	7.25
2.25	7.5
2.5	7.75
2.25	7.75
2.25	8
2.5	8.25
2.25	8.25
2.25	8.5
2.5	8.75
2.25	8.75
2.25	9
2.5	9.25
2.25	9.25
2.25	9.5
2.5	9.75
2.25	9.75
2.25	10
2.5	10.25
2.25	10.25
2.25	10.5
2.5	10.75
2.25	10.75
3	0.25
2.75	0.25
2.75	0.5
3	0.75
2.75	0.75
2.75	1
3	1.25
2.75	1.25
2.75	1.5
3	1.75
2.75	1.75
2.75	2
3	2.25
2.75	2.25
2.75	2.5
3	2.75
2.75	2.75
2.75	3
3	3.25
2.75	3.25
2.75	3.5
3	3.75
2.75	3.75
2.75	4
3	4.25
2.75	4.25
2.75	4.5
3	4.75
2.75	4.75
2.75	5
3	5.25
2.75	5.25
2.75	5.5
3	5.75
2.75	5.75
2.75	6
3	6.25
2.75	6.25
2.75	6.5
3	6.75
2.75	6.75
2.75	7
3	7.25
2.75	7.25
2.75	7.5
3	7.75
2.75	7.75
2.75	8
3	8.25
2.75	8.25
2.75	8.5
3	8.75
2.75	8.75
2.75	9
3	9.25
2.75	9.25
2.75	9.5
3	9.75
2.75	9.75
2.75	10
3	10.25
2.75	10.25
2.75	10.5
3	10.75
2.75	10.75
3.5	0.25
3.25	0.25
3.25	0.5
3.5	0.75
3.25	0.75
3.25	1
3.5	1.25
3.25	1.25
3.25	1.5
3.5	1.75
3.25	1.75
3.25	2
3.5	2.25
3.25	2.25
3.25	2.5
3.5	2.75
3.25	2.75
3.25	3
3.5	3.25
3.25	3.25
3.25	3.5
3.5	3.75
3.25	3.75
3.25	4
3.5	4.25
3.25	4.25
3.25	4.5
3.5	4.75
3.25	4.75
3.25	5
3.5	5.25
3.25	5.25
3.25	5.5
3.5	5.75
3.25	5.75
3.25	6
3.5	6.25
3.25	6.25
3.25	6.5
3.5	6.75
3.25	6.75
3.25	7
3.5	7.25
3.25	7.25
3.25	7.5
3.5	7.75
3.25	7.75
3.25	8
3.5	8.25
3.25	8.25
3.25	8.5
3.5	8.75
3.25	8.75
3.25	9
3.5	9.25
3.25	9.25
3.25	9.5
3.5	9.75
3.25	9.75
3.25	10
3.5	10.25
3.25	10.25
3.25	10.5
3.5	10.75
3.25	10.75
4	0.25
3.75	0.25
3.75	0.5
4	0.75
3.75	0.75
3.75	1
4	1.25
3.75	1.25
3.75	1.5
4	1.75
3.75	1.75
3.75	2
4	2.25
3.75	2.25
3.75	2.5
4	2.75
3.75	2.75
3.75	3
4	3.25
3.75	3.25
3.75	3.5
4	3.75
3.75	3.75
3.75	4
4	4.25
3.75	4.25
3.75	4.5
4	4.75
3.75	4.75
3.75	5
4	5.25
3.75	5.25
3.75	5.5
4	5.75
3.75	5.75
3.75	6
4	6.25
3.75	6.25
3.75	6.5
4	6.75
3.75	6.75
3.75	7
4	7.25
3.75	7.25
3.75	7.5
4	7.75
3.75	7.75
3.75	8
4	8.25
3.75	8.25
3.75	8.5
4	8.75
3.75	8.75
3.75	9
4	9.25
3.75	9.25
3.75	9.5
4	9.75
3.75	9.75
3.75	10
4	10.25
3.75	10.25
3.75	10.5
4	10.75
3.75	10.75
4.5	0.25
4.25	0.25
4.25	0.5
4.5	0.75
4.25	0.75
4.25	1
4.5	1.25
4.25	1.25
4.25	1.5
4.5	1.75
4.25	1.75
4.25	2
4.5	2.25
4.25	2.25
4.25	2.5
4.5	2.75
4.25	2.75
4.25	3
4.5	3.25
4.25	3.25
4.25	3.5
4.5	3.75
4.25	3.75
4.25	4
4.5	4.25
4.25	4.25
4.25	4.5
4.5	4.75
4.25	4.75
4.25	5
4.5	5.25
4.25	5.25
4.25	5.5
4.5	5.75
4.25	5.75
4.25	6
4.5	6.25
4.25	6.25
4.25	6.5
4.5	6.75
4.25	6.75
4.25	7
4.5	7.25
4.25	7.25
4.25	7.5
4.5	7.75
4.25	7.75
4.25	8
4.5	8.25
4.25	8.25
4.25	8.5
4.5	8.75
4.25	8.75
4.25	9
4.5	9.25
4.25	9.25
4.25	9.5
4.5	9.75
4.25	9.75
4.25	10
4.5	10.25
4.25	10.25
4.25	10.5
4.5	10.75
4.25	10.75
5	0.25
4.75	0.25
4.75	0.5
5	0.75
4.75	0.75
4.75	1
5	1.25
4.75	1.25
4.75	1.5
5	1.75
4.75	1.75
4.75	2
5	2.25
4.75	2.25
4.75	2.5
5	2.75
4.75	2.75
4.75	3
5	3.25
4.75	3.25
4.75	3.5
5	3.75
4.75	3.75
4.75	4
5	4.25
4.75	4.25
4.75	4.5
5	4.75
4.75	4.75
4.75	5
5	5.25
4.75	5.25
4.75	5.5
5	5.75
4.75	5.75
4.75	6
5	6.25
4.75	6.25
4.75	6.5
5	6.75
4.75	6.75
4.75	7
5	7.25
4.75	7.25
4.75	7.5
5	7.75
4.75	7.75
4.75	8
5	8.25
4.75	8.25
4.75	8.5
5	8.75
4.75	8.75
4.75	9
5	9.25
4.75	9.25
4.75	9.5
5	9.75
4.75	9.75
4.75	10
5	10.25
4.75	10.25
4.75	10.5
5	10.75
4.75	10.75
5.5	0.25
5.25	0.25
5.25	0.5
5.5	0.75
5.25	0.75
5.25	1
5.5	1.25
5.25	1.25
5.25	1.5
5.5	1.75
5.25	1.75
5.25	2
5.5	2.25
5.25	2.25
5.25	2.5
5.5	2.75
5.25	2.75
5.25	3
5.5	3.25
5.25	3.25
5.25	3.5
5.5	3.75
5.25	3.75
5.25	4
5.5	4.25
5.25	4.25
5.25	4.5
5.5	4.75
5.25	4.75
5.25	5
5.5	5.25
5.25	5.25
5.25	5.5
5.5	5.75
5.25	5.75
5.25	6
5.5	6.25
5.25	6.25
5.25	6.5
5.5	6.75
5.25	6.75
5.25	7
5.5	7.25
5.25	7.25
5.25	7.5
5.5	7.75
5.25	7.75
5.25	8
5.5	8.25
5.25	8.25
5.25	8.5
5.5	8.75
5.25	8.75
5.25	9
5.5	9.25
5.25	9.25
5.25	9.5
5.5	9.75
5.25	9.75
5.25	10
5.5	10.25
5.25	10.25
5.25	10.5
5.5	10.75
5.25	10.75
6	0.25
5.75	0.25
5.75	0.5
6	0.75
5.75	0.75
5.75	1
6	1.25
5.75	1.25
5.75	1.5
6	1.75
5.75	1.75
5.75	2
6	2.25
5.75	2.25
5.75	2.5
6	2.75
5.75	2.75
5.75	3
6	3.25
5.75	3.25
5.75	3.5
6	3.75
5.75	3.75
5.75	4
6	4.25
5.75	4.25
5.75	4.5
6	4.75
5.75	4.75
5.75	5
6	5.25
5.75	5.25
5.75	5.5
6	5.75
5.75	5.75
5.75	6
6	6.25
5.75	6.25
5.75	6.5
6	6.75
5.75	6.75
5.75	7
6	7.25
5.75	7.25
5.75	7.5
6	7.75
5.75	7.75
5.75	8
6	8.25
5.75	8.25
5.75	8.5
6	8.75
5.75	8.75
5.75	9
6	9.25
5.75	9.25
5.75	9.5
6	9.75
5.75	9.75
5.75	10
6	10.25
5.75	10.25
5.75	10.5
6	10.75
5.75	10.75
6.5	0.25
6.25	0.25
6.25	0.5
6.5	0.75
6.25	0.75
6.25	1
6.5	1.25
6.25	1.25
6.25	1.5
6.5	1.75
6.25	1.75
6.25	2
6.5	2.25
6.25	2.25
6.25	2.5
6.5	2.75
6.25	2.75
6.25	3
6.5	3.25
6.25	3.25
6.25	3.5
6.5	3.75
6.25	3.75
6.25	4
6.5	4.25
6.25	4.25
6.25	4.5
6.5	4.75
6.25	4.75
6.25	5
6.5	5.25
6.25	5.25
6.25	5.5
6.5	5.75
6.25	5.75
6.25	6
6.5	6.25
6.25	6.25
6.25	6.5
6.5	6.75
6.25	6.75
6.25	7
6.5	7.25
6.25	7.25
6.25	7.5
6.5	7.75
6.25	7.75
6.25	8
6.5	8.25
6.25	8.25
6.25	8.5
6.5	8.75
6.25	8.75
6.25	9
6.5	9.25
6.25	9.25
6.25	9.5
6.5	9.75
6.25	9.75
6.25	10
6.5	10.25
6.25	10.25
6.25	10.5
6.5	10.75
6.25	10.75
7	0.25
6.75	0.25
6.75	0.5
7	0.75
6.75	0.75
6.75	1
7	1.25
6.75	1.25
6.75	1.5
7	1.75
6.75	1.75
6.75	2
7	2.25
6.75	2.25
6.75	2.5
7	2.75
6.75	2.75
6.75	3
7	3.25
6.75	3.25
6.75	3.5
7	3.75
6.75	3.75
6.75	4
7	4.25
6.75	4.25
6.75	4.5
7	4.75
6.75	4.75
6.75	5
7	5.25
6.75	5.25
6.75	5.5
7	5.75
6.75	5.75
6.75	6
7	6.25
6.75	6.25
6.75	6.5
7	6.75
6.75	6.75
6.75	7
7	7.25
6.75	7.25
6.75	7.5
7	7.75
6.75	7.75
6.75	8
7	8.25
6.75	8.25
6.75	8.5
7	8.75
6.75	8.75
6.75	9
7	9.25
6.75	9.25
6.75	9.5
7	9.75
6.75	9.75
6.75	10
7	10.25
6.75	10.25
6.75	10.5
7	10.75
6.75	10.75
7.5	0.25
7.25	0.25
7.25	0.5
7.5	0.75
7.25	0.75
7.25	1
7.5	1.25
7.25	1.25
7.25	1.5
7.5	1.75
7.25	1.75
7.25	2
7.5	2.25
7.25	2.25
7.25	2.5
7.5	2.75
7.25	2.75
7.25	3
7.5	3.25
7.25	3.25
7.25	3.5
7.5	3.75
7.25	3.75
7.25	4
7.5	4.25
7.25	4.25
7.25	4.5
7.5	4.75
7.25	4.75
7.25	5
7.5	5.25
7.25	5.25
7.25	5.5
7.5	5.75
7.25	5.75
7.25	6
7.5	6.25
7.25	6.25
7.25	6.5
7.5	6.75
7.25	6.75
7.25	7
7.5	7.25
7.25	7.25
7.25	7.5
7.5	7.75
7.25	7.75
7.25	8
7.5	8.25
7.25	8.25
7.25	8.5
7.5	8.75
7.25	8.75
7.25	9
7.5	9.25
7.25	9.25
7.25	9.5
7.5	9.75
7.25	9.75
7.25	10
7.5	10.25
7.25	10.25
7.25	10.5
7.5	10.75
7.25	10.75
8	0.25
7.75	0.25
7.75	0.5
8	0.75
7.75	0.75
7.75	1
8	1.25
7.75	1.25
7.75	1.5
8	1.75
7.75	1.75
7.75	2
8	2.25
7.75	2.25
7.75	2.5
8	2.75
7.75	2.75
7.75	3
8	3.25
7.75	3.25
7.75	3.5
8	3.75
7.75	3.75
7.75	4
8	4.25
7.75	4.25
7.75	4.5
8	4.75
7.75	4.75
7.75	5
8	5.25
7.75	5.25
7.75	5.5
8	5.75
7.75	5.75
7.75	6
8	6.25
7.75	6.25
7.75	6.5
8	6.75
7.75	6.75
7.75	7
8	7.25
7.75	7.25
7.75	7.5
8	7.75
7.75	7.75
7.75	8
8	8.25
7.75	8.25
7.75	8.5
8	8.75
7.75	8.75
7.75	9
8	9.25
7.75	9.25
7.75	9.5
8	9.75
7.75	9.75
7.75	10
8	10.25
7.75	10.25
7.75	10.5
8	10.75
7.75	10.75
8.5	0.25
8.25	0.25
8.25	0.5
8.5	0.75
8.25	0.75
8.25	1
8.5	1.25
8.25	1.25
8.25	1.5
8.5	1.75
8.25	1.75
8.25	2
8.5	2.25
8.25	2.25
8.25	2.5
8.5	2.75
8.25	2.75
8.25	3
8.5	3.25
8.25	3.25
8.25	3.5
8.5	3.75
8.25	3.75
8.25	4
8.5	4.25
8.25	4.25
8.25	4.5
8.5	4.75
8.25	4.75
8.25	5
8.5	5.25
8.25	5.25
8.25	5.5
8.5	5.75
8.25	5.75
8.25	6
8.5	6.25
8.25	6.25
8.25	6.5
8.5	6.75
8.25	6.75
8.25	7
8.5	7.25
8.25	7.25
8.25	7.5
8.5	7.75
8.25	7.75
8.25	8
8.5	8.25
8.25	8.25
8.25	8.5
8.5	8.75
8.25	8.75
8.25	9
8.5	9.25
8.25	9.25
8.25	9.5
8.5	9.75
8.25	9.75
8.25	10
8.5	10.25
8.25	10.25
8.25	10.5
8.5	10.75
8.25	10.75
9	0.25
8.75	0.25
8.75	0.5
9	0.75
8.75	0.75
8.75	1
9	1.25
8.75	1.25
8.75	1.5
9	1.75
8.75	1.75
8.75	2
9	2.25
8.75	2.25
8.75	2.5
9	2.75
8.75	2.75
8.75	3
9	3.25
8.75	3.25
8.75	3.5
9	3.75
8.75	3.75
8.75	4
9	4.25
8.75	4.25
8.75	4.5
9	4.75
8.75	4.75
8.75	5
9	5.25
8.75	5.25
8.75	5.5
9	5.75
8.75	5.75
8.75	6
9	6.25
8.75	6.25
8.75	6.5
9	6.75
8.75	6.75
8.75	7
9	7.25
8.75	7.25
8.75	7.5
9	7.75
8.75	7.75
8.75	8
9	8.25
8.75	8.25
8.75	8.5
9	8.75
8.75	8.75
8.75	9
9	9.25
8.75	9.25
8.75	9.5
9	9.75
8.75	9.75
8.75	10
9	10.25
8.75	10.25
8.75	10.5
9	10.75
8.75	10.75
9.5	0.25
9.25	0.25
9.25	0.5
9.5	0.75
9.25	0.75
9.25	1
9.5	1.25
9.25	1.25
9.25	1.5
9.5	1.75
9.25	1.75
9.25	2
9.5	2.25
9.25	2.25
9.25	2.5
9.5	2.75
9.25	2.75
9.25	3
9.5	3.25
9.25	3.25
9.25	3.5
9.5	3.75
9.25	3.75
9.25	4
9.5	4.25
9.25	4.25
9.25	4.5
9.5	4.75
9.25	4.75
9.25	5
9.5	5.25
9.25	5.25
9.25	5.5
9.5	5.75
9.25	5.75
9.25	6
9.5	6.25
9.25	6.25
9.25	6.5
9.5	6.75
9.25	6.75
9.25	7
9.5	7.25
9.25	7.25
9.25	7.5
9.5	7.75
9.25	7.75
9.25	8
9.5	8.25
9.25	8.25
9.25	8.5
9.5	8.75
9.25	8.75
9.25	9
9.5	9.25
9.25	9.25
9.25	9.5
9.5	9.75
9.25	9.75
9.25	10
9.5	10.25
9.25	10.25
9.25	10.5
9.5	10.75
9.25	10.75
10	0.25
9.75	0.25
9.75	0.5
10	0.75
9.75	0.75
9.75	1
10	1.25
9.75	1.25
9.75	1.5
10	1.75
9.75	1.75
9.75	2
10	2.25
9.75	2.25
9.75	2.5
10	2.75
9.75	2.75
9.75	3
10	3.25
9.75	3.25
9.75	3.5
10	3.75
9.75	3.75
9.75	4
10	4.25
9.75	4.25
9.75	4.5
10	4.75
9.75	4.75
9.75	5
10	5.25
9.75	5.25
9.75	5.5
10	5.75
9.75	5.75
9.75	6
10	6.25
9.75	6.25
9.75	6.5
10	6.75
9.75	6.75
9.75	7
10	7.25
9.75	7.25
9.75	7.5
10	7.75
9.75	7.75
9.75	8
10	8.25
9.75	8.25
9.75	8.5
10	8.75
9.75	8.75
9.75	9
10	9.25
9.75	9.25
9.75	9.5
10	9.75
9.75	9.75
9.75	10
10	10.25
9.75	10.25
9.75	10.5
10	10.75
9.75	10.75
10.5	0.25
10.25	0.25
10.25	0.5
10.5	0.75
10.25	0.75
10.25	1
10.5	1.25
10.25	1.25
10.25	1.5
10.5	1.75
10.25	1.75
10.25	2
10.5	2.25
10.25	2.25
10.25	2.5
10.5	2.75
10.25	2.75
10.25	3
10.5	3.25
10.25	3.25
10.25	3.5
10.5	3.75
10.25	3.75
10.25	4
10.5	4.25
10.25	4.25
10.25	4.5
10.5	4.75
10.25	4.75
10.25	5
10.5	5.25
10.25	5.25
10.25	5.5
10.5	5.75
10.25	5.75
10.25	6
10.5	6.25
10.25	6.25
10.25	6.5
10.5	6.75
10.25	6.75
10.25	7
10.5	7.25
10.25	7.25
10.25	7.5
10.5	7.75
10.25	7.75
10.25	8
10.5	8.25
10.25	8.25
10.25	8.5
10.5	8.75
10.25	8.75
10.25	9
10.5	9.25
10.25	9.25
10.25	9.5
10.5	9.75
10.25	9.75
10.25	10
10.5	10.25
10.25	10.25
10.25	10.5
10.5	10.75
10.25	10.75
11	0.25
10.75	0.25
10.75	0.5
11	0.75
10.75	0.75
10.75	1
11	1.25
10.75	1.25
10.75	1.5
11	1.75
10.75	1.75
10.75	2
11	2.25
10.75	2.25
10.75	2.5
11	2.75
10.75	2.75
10.75	3
11	3.25
10.75	3.25
10.75	3.5
11	3.75
10.75	3.75
10.75	4
11	4.25
10.75	4.25
10.75	4.5
11	4.75
10.75	4.75
10.75	5
11	5.25
10.75	5.25
10.75	5.5
11	5.75
10.75	5.75
10.75	6
11	6.25
10.75	6.25
10.75	6.5
11	6.75
10.75	6.75
10.75	7
11	7.25
10.75	7.25
10.75	7.5
11	7.75
10.75	7.75
10.75	8
11	8.25
10.75	8.25
10.75	8.5
11	8.75
10.75	8.75
10.75	9
11	9.25
10.75	9.25
10.75	9.5
11	9.75
10.75	9.75
10.75	10
11	10.25
10.75	10.25
10.75	10.5
11	10.75
10.75	10.75
11.5	0.25
11.25	0.25
11.25	0.5
11.5	0.75
11.25	0.75
11.25	1
11.5	1.25
11.25	1.25
11.25	1.5
11.5	1.75
11.25	1.75
11.25	2
11.5	2.25
11.25	2.25
11.25	2.5
11.5	2.75
11.25	2.75
11.25	3
11.5	3.25
11.25	3.25
11.25	3.5
11.5	3.75
11.25	3.75
11.25	4
11.5	4.25
11.25	4.25
11.25	4.5
11.5	4.75
11.25	4.75
11.25	5
11.5	5.25
11.25	5.25
11.25	5.5
11.5	5.75
11.25	5.75
11.25	6
11.5	6.25
11.25	6.25
11.25	6.5
11.5	6.75
11.25	6.75
11.25	7
11.5	7.25
11.25	7.25
11.25	7.5
11.5	7.75
11.25	7.75
11.25	8
11.5	8.25
11.25	8.25
11.25	8.5
11.5	8.75
11.25	8.75
11.25	9
11.5	9.25
11.25	9.25
11.25	9.5
11.5	9.75
11.25	9.75
11.25	10
11.5	10.25
11.25	10.25
11.25	10.5
11.5	10.75
11.25	10.75
12	0.25
11.75	0.25
11.75	0.5
12	0.75
11.75	0.75
11.75	1
12	1.25
11.75	1.25
11.75	1.5
12	1.75
11.75	1.75
11.75	2
12	2.25
11.75	2.25
11.75	2.5
12	2.75
11.75	2.75
11.75	3
12	3.25
11.75	3.25
11.75	3.5
12	3.75
11.75	3.75
11.75	4
12	4.25
11.75	4.25
11.75	4.5
12	4.75
11.75	4.75
11.75	5
12	5.25
11.75	5.25
11.75	5.5
12	5.75
11.75	5.75
11.75	6
12	6.25
11.75	6.25
11.75	6.5
12	6.75
11.75	6.75
11.75	7
12	7.25
11.75	7.25
11.75	7.5
12	7.75
11.75	7.75
11.75	8
12	8.25
11.75	8.25
11.75	8.5
12	8.75
11.75	8.75
11.75	9
12	9.25
11.75	9.25
11.75	9.5
12	9.75
11.75	9.75
11.75	10
12	10.25
11.75	10.25
11.75	10.5
12	10.75
11.75	10.75
12.5	0.25
12.25	0.25
12.25	0.5
12.5	0.75
12.25	0.75
12.25	1
12.5	1.25
12.25	1.25
12.25	1.5
12.5	1.75
12.25	1.75
12.25	2
12.5	2.25
12.25	2.25
12.25	2.5
12.5	2.75
12.25	2.75
12.25	3
12.5	3.25
12.25	3.25
12.25	3.5
12.5	3.75
12.25	3.75
12.25	4
12.5	4.25
12.25	4.25
12.25	4.5
12.5	4.75
12.25	4.75
12.25	5
12.5	5.25
12.25	5.25
12.25	5.5
12.5	5.75
12.25	5.75
12.25	6
12.5	6.25
12.25	6.25
12.25	6.5
12.5	6.75
12.25	6.75
12.25	7
12.5	7.25
12.25	7.25
12.25	7.5
12.5	7.75
12.25	7.75
12.25	8
12.5	8.25
12.25	8.25
12.25	8.5
12.5	8.75
12.25	8.75
12.25	9
12.5	9.25
12.25	9.25
12.25	9.5
12.5	9.75
12.25	9.75
12.25	10
12.5	10.25
12.25	10.25
12.25	10.5
12.5	10.75
12.25	10.75
13	0.25
12.75	0.25
12.75	0.5
13	0.75
12.75	0.75
12.75	1
13	1.25
12.75	1.25
12.75	1.5
13	1.75
12.75	1.75
12.75	2
13	2.25
12.75	2.25
12.75	2.5
13	2.75
12.75	2.75
12.75	3
13	3.25
12.75	3.25
12.75	3.5
13	3.75
12.75	3.75
12.75	4
13	4.25
12.75	4.25
12.75	4.5
13	4.75
12.75	4.75
12.75	5
13	5.25
12.75	5.25
12.75	5.5
13	5.75
12.75	5.75
12.75	6
13	6.25
12.75	6.25
12.75	6.5
13	6.75
12.75	6.75
12.75	7
13	7.25
12.75	7.25
12.75	7.5
13	7.75
12.75	7.75
12.75	8
13	8.25
12.75	8.25
12.75	8.5
13	8.75
12.75	8.75
12.75	9
13	9.25
12.75	9.25
12.75	9.5
13	9.75
12.75	9.75
12.75	10
13	10.25
12.75	10.25
12.75	10.5
13	10.75
12.75	10.75
13.5	0.25
13.25	0.25
13.25	0.5
13.5	0.75
13.25	0.75
13.25	1
13.5	1.25
13.25	1.25
13.25	1.5
13.5	1.75
13.25	1.75
13.25	2
13.5	2.25
13.25	2.25
13.25	2.5
13.5	2.75
13.25	2.75
13.25	3
13.5	3.25
13.25	3.25
13.25	3.5
13.5	3.75
13.25	3.75
13.25	4
13.5	4.25
13.25	4.25
13.25	4.5
13.5	4.75
13.25	4.75
13.25	5
13.5	5.25
13.25	5.25
13.25	5.5
13.5	5.75
13.25	5.75
13.25	6
13.5	6.25
13.25	6.25
13.25	6.5
13.5	6.75
13.25	6.75
13.25	7
13.5	7.25
13.25	7.25
13.25	7.5
13.5	7.75
13.25	7.75
13.25	8
13.5	8.25
13.25	8.25
13.25	8.5
13.5	8.75
13.25	8.75
13.25	9
13.5	9.25
13.25	9.25
13.25	9.5
13.5	9.75
13.25	9.75
13.25	10
13.5	10.25
13.25	10.25
13.25	10.5
13.5	10.75
13.25	10.75
14	0.25
13.75	0.25
13.75	0.5
14	0.75
13.75	0.75
13.75	1
14	1.25
13.75	1.25
13.75	1.5
14	1.75
13.75	1.75
13.75	2
14	2.25
13.75	2.25
13.75	2.5
14	2.75
13.75	2.75
13.75	3
14	3.25
13.75	3.25
13.75	3.5
14	3.75
13.75	3.75
13.75	4
14	4.25
13.75	4.25
13.75	4.5
14	4.75
13.75	4.75
13.75	5
14	5.25
13.75	5.25
13.75	5.5
14	5.75
13.75	5.75
13.75	6
14	6.25
13.75	6.25
13.75	6.5
14	6.75
13.75	6.75
13.75	7
14	7.25
13.75	7.25
13.75	7.5
14	7.75
13.75	7.75
13.75	8
14	8.25
13.75	8.25
13.75	8.5
14	8.75
13.75	8.75
13.75	9
14	9.25
13.75	9.25
13.75	9.5
14	9.75
13.75	9.75
13.75	10
14	10.25
13.75	10.25
13.75	10.5
14	10.75
13.75	10.75
14.5	0.25
14.25	0.25
14.25	0.5
14.5	0.75
14.25	0.75
14.25	1
14.5	1.25
14.25	1.25
14.25	1.5
14.5	1.75
14.25	1.75
14.25	2
14.5	2.25
14.25	2.25
14.25	2.5
14.5	2.75
14.25	2.75
14.25	3
14.5	3.25
14.25	3.25
14.25	3.5
14.5	3.75
14.25	3.75
14.25	4
14.5	4.25
14.25	4.25
14.25	4.5
14.5	4.75
14.25	4.75
14.25	5
14.5	5.25
14.25	5.25
14.25	5.5
14.5	5.75
14.25	5.75
14.25	6
14.5	6.25
14.25	6.25
14.25	6.5
14.5	6.75
14.25	6.75
14.25	7
14.5	7.25
14.25	7.25
14.25	7.5
14.5	7.75
14.25	7.75
14.25	8
14.5	8.25
14.25	8.25
14.25	8.5
14.5	8.75
14.25	8.75
14.25	9
14.5	9.25
14.25	9.25
14.25	9.5
14.5	9.75
14.25	9.75
14.25	10
14.5	10.25
14.25	10.25
14.25	10.5
14.5	10.75
14.25	10.75
15	0.25
14.75	0.25
14.75	0.5
15	0.75
14.75	0.75
14.75	1
15	1.25
14.75	1.25
14.75	1.5
15	1.75
14.75	1.75
14.75	2
15	2.25
14.75	2.25
14.75	2.5
15	2.75
14.75	2.75
14.75	3
15	3.25
14.75	3.25
14.75	3.5
15	3.75
14.75	3.75
14.75	4
15	4.25
14.75	4.25
14.75	4.5
15	4.75
14.75	4.75
14.75	5
15	5.25
14.75	5.25
14.75	5.5
15	5.75
14.75	5.75
14.75	6
15	6.25
14.75	6.25
14.75	6.5
15	6.75
14.75	6.75
14.75	7
15	7.25
14.75	7.25
14.75	7.5
15	7.75
14.75	7.75
14.75	8
15	8.25
14.75	8.25
14.75	8.5
15	8.75
14.75	8.75
14.75	9
15	9.25
14.75	9.25
14.75	9.5
15	9.75
14.75	9.75
14.75	10
15	10.25
14.75	10.25
14.75	10.5
15	10.75
14.75	10.75
15.5	0.25
15.25	0.25
15.25	0.5
15.5	0.75
15.25	0.75
15.25	1
15.5	1.25
15.25	1.25
15.25	1.5
15.5	1.75
15.25	1.75
15.25	2
15.5	2.25
15.25	2.25
15.25	2.5
15.5	2.75
15.25	2.75
15.25	3
15.5	3.25
15.25	3.25
15.25	3.5
15.5	3.75
15.25	3.75
15.25	4
15.5	4.25
15.25	4.25
15.25	4.5
15.5	4.75
15.25	4.75
15.25	5
15.5	5.25
15.25	5.25
15.25	5.5
15.5	5.75
15.25	5.75
15.25	6
15.5	6.25
15.25	6.25
15.25	6.5
15.5	6.75
15.25	6.75
15.25	7
15.5	7.25
15.25	7.25
15.25	7.5
15.5	7.75
15.25	7.75
15.25	8
15.5	8.25
15.25	8.25
15.25	8.5
15.5	8.75
15.25	8.75
15.25	9
15.5	9.25
15.25	9.25
15.25	9.5
15.5	9.75
15.25	9.75
15.25	10
15.5	10.25
15.25	10.25
15.25	10.5
15.5	10.75
15.25	10.75
16	0.25
15.75	0.25
15.75	0.5
16	0.75
15.75	0.75
15.75	1
16	1.25
15.75	1.25
15.75	1.5
16	1.75
15.75	1.75
15.75	2
16	2.25
15.75	2.25
15.75	2.5
16	2.75
15.75	2.75
15.75	3
16	3.25
15.75	3.25
15.75	3.5
16	3.75
15.75	3.75
15.75	4
16	4.25
15.75	4.25
15.75	4.5
16	4.75
15.75	4.75
15.75	5
16	5.25
15.75	5.25
15.75	5.5
16	5.75
15.75	5.75
15.75	6
16	6.25
15.75	6.25
15.75	6.5
16	6.75
15.75	6.75
15.75	7
16	7.25
15.75	7.25
15.75	7.5
16	7.75
15.75	7.75
15.75	8
16	8.25
15.75	8.25
15.75	8.5
16	8.75
15.75	8.75
15.75	9
16	9.25
15.75	9.25
15.75	9.5
16	9.75
15.75	9.75
15.75	10
16	10.25
15.75	10.25
15.75	10.5
16	10.75
15.75	10.75
16.5	0.25
16.25	0.25
16.25	0.5
16.5	0.75
16.25	0.75
16.25	1
16.5	1.25
16.25	1.25
16.25	1.5
16.5	1.75
16.25	1.75
16.25	2
16.5	2.25
16.25	2.25
16.25	2.5
16.5	2.75
16.25	2.75
16.25	3
16.5	3.25
16.25	3.25
16.25	3.5
16.5	3.75
16.25	3.75
16.25	4
16.5	4.25
16.25	4.25
16.25	4.5
16.5	4.75
16.25	4.75
16.25	5
16.5	5.25
16.25	5.25
16.25	5.5
16.5	5.75
16.25	5.75
16.25	6
16.5	6.25
16.25	6.25
16.25	6.5
16.5	6.75
16.25	6.75
16.25	7
16.5	7.25
16.25	7.25
16.25	7.5
16.5	7.75
16.25	7.75
16.25	8
16.5	8.25
16.25	8.25
16.25	8.5
16.5	8.75
16.25	8.75
16.25	9
16.5	9.25
16.25	9.25
16.25	9.5
16.5	9.75
16.25	9.75
16.25	10
16.5	10.25
16.25	10.25
16.25	10.5
16.5	10.75
16.25	10.75
17	0.25
16.75	0.25
16.75	0.5
17	0.75
16.75	0.75
16.75	1
17	1.25
16.75	1.25
16.75	1.5
17	1.75
16.75	1.75
16.75	2
17	2.25
16.75	2.25
16.75	2.5
17	2.75
16.75	2.75
16.75	3
17	3.25
16.75	3.25
16.75	3.5
17	3.75
16.75	3.75
16.75	4
17	4.25
16.75	4.25
16.75	4.5
17	4.75
16.75	4.75
16.75	5
17	5.25
16.75	5.25
16.75	5.5
17	5.75
16.75	5.75
16.75	6
17	6.25
16.75	6.25
16.75	6.5
17	6.75
16.75	6.75
16.75	7
17	7.25
16.75	7.25
16.75	7.5
17	7.75
16.75	7.75
16.75	8
17	8.25
16.75	8.25
16.75	8.5
17	8.75
16.75	8.75
16.75	9
17	9.25
16.75	9.25
16.75	9.5
17	9.75
16.75	9.75
16.75	10
17	10.25
16.75	10.25
16.75	10.5
17	10.75
16.75	10.75
17.5	0.25
17.25	0.25
17.25	0.5
17.5	0.75
17.25	0.75
17.25	1
17.5	1.25
17.25	1.25
17.25	1.5
17.5	1.75
17.25	1.75
17.25	2
17.5	2.25
17.25	2.25
17.25	2.5
17.5	2.75
17.25	2.75
17.25	3
17.5	3.25
17.25	3.25
17.25	3.5
17.5	3.75
17.25	3.75
17.25	4
17.5	4.25
17.25	4.25
17.25	4.5
17.5	4.75
17.25	4.75
17.25	5
17.5	5.25
17.25	5.25
17.25	5.5
17.5	5.75
17.25	5.75
17.25	6
17.5	6.25
17.25	6.25
17.25	6.5
17.5	6.75
17.25	6.75
17.25	7
17.5	7.25
17.25	7.25
17.25	7.5
17.5	7.75
17.25	7.75
17.25	8
17.5	8.25
17.25	8.25
17.25	8.5
17.5	8.75
17.25	8.75
17.25	9
17.5	9.25
17.25	9.25
17.25	9.5
17.5	9.75
17.25	9.75
17.25	10
17.5	10.25
17.25	10.25
17.25	10.5
17.5	10.75
17.25	10.75
18	0.25
17.75	0.25
17.75	0.5
18	0.75
17.75	0.75
17.75	1
18	1.25
17.75	1.25
17.75	1.5
18	1.75
17.75	1.75
17.75	2
18	2.25
17.75	2.25
17.75	2.5
18	2.75
17.75	2.75
17.75	3
18	3.25
17.75	3.25
17.75	3.5
18	3.75
17.75	3.75
17.75	4
18	4.25
17.75	4.25
17.75	4.5
18	4.75
17.75	4.75
17.75	5
18	5.25
17.75	5.25
17.75	5.5
18	5.75
17.75	5.75
17.75	6
18	6.25
17.75	6.25
17.75	6.5
18	6.75
17.75	6.75
17.75	7
18	7.25
17.75	7.25
17.75	7.5
18	7.75
17.75	7.75
17.75	8
18	8.25
17.75	8.25
17.75	8.5
18	8.75
17.75	8.75
17.75	9
18	9.25
17.75	9.25
17.75	9.5
18	9.75
17.75	9.75
17.75	10
18	10.25
17.75	10.25
17.75	10.5
18	10.75
17.75	10.75
18.5	0.25
18.25	0.25
18.25	0.5
18.5	0.75
18.25	0.75
18.25	1
18.5	1.25
18.25	1.25
18.25	1.5
18.5	1.75
18.25	1.75
18.25	2
18.5	2.25
18.25	2.25
18.25	2.5
18.5	2.75
18.25	2.75
18.25	3
18.5	3.25
18.25	3.25
18.25	3.5
18.5	3.75
18.25	3.75
18.25	4
18.5	4.25
18.25	4.25
18.25	4.5
18.5	4.75
18.25	4.75
18.25	5
18.5	5.25
18.25	5.25
18.25	5.5
18.5	5.75
18.25	5.75
18.25	6
18.5	6.25
18.25	6.25
18.25	6.5
18.5	6.75
18.25	6.75
18.25	7
18.5	7.25
18.25	7.25
18.25	7.5
18.5	7.75
18.25	7.75
18.25	8
18.5	8.25
18.25	8.25
18.25	8.5
18.5	8.75
18.25	8.75
18.25	9
18.5	9.25
18.25	9.25
18.25	9.5
18.5	9.75
18.25	9.75
18.25	10
18.5	10.25
18.25	10.25
18.25	10.5
18.5	10.75
18.25	10.75
19	0.25
18.75	0.25
18.75	0.5
19	0.75
18.75	0.75
18.75	1
19	1.25
18.75	1.25
18.75	1.5
19	1.75
18.75	1.75
18.75	2
19	2.25
18.75	2.25
18.75	2.5
19	2.75
18.75	2.75
18.75	3
19	3.25
18.75	3.25
18.75	3.5
19	3.75
18.75	3.75
18.75	4
19	4.25
18.75	4.25
18.75	4.5
19	4.75
18.75	4.75
18.75	5
19	5.25
18.75	5.25
18.75	5.5
19	5.75
18.75	5.75
18.75	6
19	6.25
18.75	6.25
18.75	6.5
19	6.75
18.75	6.75
18.75	7
19	7.25
18.75	7.25
18.75	7.5
19	7.75
18.75	7.75
18.75	8
19	8.25
18.75	8.25
18.75	8.5
19	8.75
18.75	8.75
18.75	9
19	9.25
18.75	9.25
18.75	9.5
19	9.75
18.75	9.75
18.75	10
19	10.25
18.75	10.25
18.75	10.5
19	10.75
18.75	10.75
19.5	0.25
19.25	0.25
19.25	0.5
19.5	0.75
19.25	0.75
19.25	1
19.5	1.25
19.25	1.25
19.25	1.5
19.5	1.75
19.25	1.75
19.25	2
19.5	2.25
19.25	2.25
19.25	2.5
19.5	2.75
19.25	2.75
19.25	3
19.5	3.25
19.25	3.25
19.25	3.5
19.5	3.75
19.25	3.75
19.25	4
19.5	4.25
19.25	4.25
19.25	4.5
19.5	4.75
19.25	4.75
19.25	5
19.5	5.25
19.25	5.25
19.25	5.5
19.5	5.75
19.25	5.75
19.25	6
19.5	6.25
19.25	6.25
19.25	6.5
19.5	6.75
19.25	6.75
19.25	7
19.5	7.25
19.25	7.25
19.25	7.5
19.5	7.75
19.25	7.75
19.25	8
19.5	8.25
19.25	8.25
19.25	8.5
19.5	8.75
19.25	8.75
19.25	9
19.5	9.25
19.25	9.25
19.25	9.5
19.5	9.75
19.25	9.75
19.25	10
19.5	10.25
19.25	10.25
19.25	10.5
19.5	10.75
19.25	10.75
19.75	0.25
19.75	0.5
19.75	0.75
19.75	1
19.75	1.25
19.75	1.5
19.75	1.75
19.75	2
19.75	2.25
19.75	2.5
19.75	2.75
19.75	3
19.75	3.25
19.75	3.5
19.75	3.75
19.75	4
19.75	4.25
19.75	4.5
19.75	4.75
19.75	5
19.75	5.25
19.75	5.5
19.75	5.75
19.75	6
19.75	6.25
19.75	6.5
19.75	6.75
19.75	7
19.75	7.25
19.75	7.5
19.75	7.75
19.75	8
19.75	8.25
19.75	8.5
19.75	8.75
19.75	9
19.75	9.25
19.75	9.5
19.75	9.75
19.75	10
19.75	10.25
19.75	10.5
19.75	10.75

--------------------------------------------------------------------------------
ELEMENT CONNECTIVITY
--------------------------------------------------------------------------------
1	5	249	44	1068	1069
1	249	163	1069	1070	184
163	249	250	1070	1071	1072
163	250	164	1072	1073	185
164	250	251	1073	1074	1075
164	251	165	1075	1076	186
165	251	252	1076	1077	1078
165	252	166	1078	1079	187
166	252	253	1079	1080	1081
166	253	167	1081	1082	188
167	253	254	1082	1083	1084
167	254	168	1084	1085	189
168	254	255	1085	1086	1087
168	255	169	1087	1088	190
169	255	256	1088	1089	1090
169	256	170	1090	1091	191
170	256	257	1091	1092	1093
170	257	171	1093	1094	192
171	257	258	1094	1095	1096
171	258	172	1096	1097	193
172	258	259	1097	1098	1099
172	259	173	1099	1100	194
173	259	260	1100	1101	1102
173	260	174	1102	1103	195
174	260	261	1103	1104	1105
174	261	175	1105	1106	196
175	261	262	1106	1107	1108
175	262	176	1108	1109	197
176	262	263	1109	1110	1111
176	263	177	1111	1112	198
177	263	264	1112	1113	1114
177	264	178	1114	1115	199
178	264	265	1115	1116	1117
178	265	179	1117	1118	200
179	265	266	1118	1119	1120
179	266	180	1120	1121	201
180	266	267	1121	1122	1123
180	267	181	1123	1124	202
181	267	268	1124	1125	1126
181	268	182	1126	1127	203
182	268	269	1127	1128	1129
182	269	183	1129	1130	204
183	269	84	1130	1131	1132
183	84	3	1132	123	205
5	6	270	45	1133	1134
5	270	249	1134	1135	1068
249	270	271	1135	1136	1137
249	271	250	1137	1138	1071
250	271	272	1138	1139	1140
250	272	251	1140	1141	1074
251	272	273	1141	1142	1143
251	273	252	1143	1144	1077
252	273	274	1144	1145	1146
252	274	253	1146	1147	1080
253	274	275	1147	1148	1149
253	275	254	1149	1150	1083
254	275	276	1150	1151	1152
254	276	255	1152	1153	1086
255	276	277	1153	1154	1155
255	277	256	1155	1156	1089
256	277	278	1156	1157	1158
256	278	257	1158	1159	1092
257	278	279	1159	1160	1161
257	279	258	1161	1162	1095
258	279	280	1162	1163	1164
258	280	259	1164	1165	1098
259	280	281	1165	1166	1167
259	281	260	1167	1168	1101
260	281	282	1168	1169	1170
260	282	261	1170	1171	1104
261	282	283	1171	1172	1173
261	283	262	1173	1174	1107
262	283	284	1174	1175	1176
262	284	263	1176	1177	1110
263	284	285	1177	1178	1179
263	285	264	1179	1180	1113
264	285	286	1180	1181	1182
264	286	265	1182	1183	1116
265	286	287	1183	1184	1185
265	287	266	1185	1186	1119
266	287	288	1186	1187	1188
266	288	267	1188	1189	1122
267	288	289	1189	1190	1191
267	289	268	1191	1192	1125
268	289	290	1192	1193	1194
268	290	269	1194	1195	1128
269	290	85	1195	1196	1197
269	85	84	1197	124	1131
6	7	291	46	1198	1199
6	291	270	1199	1200	1133
270	291	292	1200	1201	1202
270	292	271	1202	1203	1136
271	292	293	1203	1204	1205
271	293	272	1205	1206	1139
272	293	294	1206	1207	1208
272	294	273	1208	1209	1142
273	294	295	1209	1210	1211
273	295	274	1211	1212	1145
274	295	296	1212	1213	1214
274	296	275	1214	1215	1148
275	296	297	1215	1216	1217
275	297	276	1217	1218	1151
276	297	298	1218	1219	1220
276	298	277	1220	1221	1154
277	298	299	1221	1222	1223
277	299	278	1223	1224	1157
278	299	300	1224	1225	1226
278	300	279	1226	1227	1160
279	300	301	1227	1228	1229
279	301	280	1229	1230	1163
280	301	302	1230	1231	1232
280	302	281	1232	1233	1166
281	302	303	1233	1234	1235
281	303	282	1235	1236	1169
282	303	304	1236	1237	1238
282	304	283	1238	1239	1172
283	304	305	1239	1240	1241
283	305	284	1241	1242	1175
284	305	306	1242	1243	1244
284	306	285	1244	1245	1178
285	306	307	1245	1246	1247
285	307	286	1247	1248	1181
286	307	308	1248	1249	1250
286	308	287	1250	1251	1184
287	308	309	1251	1252	1253
287	309	288	1253	1254	1187
288	309	310	1254	1255	1256
288	310	289	1256	1257	1190
289	310	311	1257	1258	1259
289	311	290	1259	1260	1193
290	311	86	1260	1261	1262
290	86	85	1262	125	1196
7	8	312	47	1263	1264
7	312	291	1264	1265	1198
291	312	313	1265	1266	1267
291	313	292	1267	1268	1201
292	313	314	1268	1269	1270
292	314	293	1270	1271	1204
293	314	315	1271	1272	1273
293	315	294	1273	1274	1207
294	315	316	1274	1275	1276
294	316	295	1276	1277	1210
295	316	317	1277	1278	1279
295	317	296	1279	1280	1213
296	317	318	1280	1281	1282
296	318	297	1282	1283	1216
297	318	319	1283	1284	1285
297	319	298	1285	1286	1219
298	319	320	1286	1287	1288
298	320	299	1288	1289	1222
299	320	321	1289	1290	1291
299	321	300	1291	1292	1225
300	321	322	1292	1293	1294
300	322	301	1294	1295	1228
301	322	323	1295	1296	1297
301	323	302	1297	1298	1231
302	323	324	1298	1299	1300
302	324	303	1300	1301	1234
303	324	325	1301	1302	1303
303	325	304	1303	1304	1237
304	325	326	1304	1305	1306
304	326	305	1306	1307	1240
305	326	327	1307	1308	1309
305	327	306	1309	1310	1243
306	327	328	1310	1311	1312
306	328	307	1312	1313	1246
307	328	329	1313	1314	1315
307	329	308	1315	1316	1249
308	329	330	1316	1317	1318
308	330	309	1318	1319	1252
309	330	331	1319	1320	1321
309	331	310	1321	1322	1255
310	331	332	1322	1323	1324
310	332	311	1324	1325	1258
311	332	87	1325	1326	1327
311	87	86	1327	126	1261
8	9	333	48	1328	1329
8	333	312	1329	1330	1263
312	333	334	1330	1331	1332
312	334	313	1332	1333	1266
313	334	335	1333	1334	1335
313	335	314	1335	1336	1269
314	335	336	1336	1337	1338
314	336	315	1338	1339	1272
315	336	337	1339	1340	1341
315	337	316	1341	1342	1275
316	337	338	1342	1343	1344
316	338	317	1344	1345	1278
317	338	339	1345	1346	1347
317	339	318	1347	1348	1281
318	339	340	1348	1349	1350
318	340	319	1350	1351	1284
319	340	341	1351	1352	1353
319	341	320	1353	1354	1287
320	341	342	1354	1355	1356
320	342	321	1356	1357	1290
321	342	343	1357	1358	1359
321	343	322	1359	1360	1293
322	343	344	1360	1361	1362
322	344	323	1362	1363	1296
323	344	345	1363	1364	1365
323	345	324	1365	1366	1299
324	345	346	1366	1367	1368
324	346	325	1368	1369	1302
325	346	347	1369	1370	1371
325	347	326	1371	1372	1305
326	347	348	1372	1373	1374
326	348	327	1374	1375	1308
327	348	349	1375	1376	1377
327	349	328	1377	1378	1311
328	349	350	1378	1379	1380
328	350	329	1380	1381	1314
329	350	351	1381	1382	1383
329	351	330	1383	1384	1317
330	351	352	1384	1385	1386
330	352	331	1386	1387	1320
331	352	353	1387	1388	1389
331	353	332	1389	1390	1323
332	353	88	1390	1391	1392
332	88	87	1392	127	1326
9	10	354	49	1393	1394
9	354	333	1394	1395	1328
333	354	355	1395	1396	1397
333	355	334	1397	1398	1331
334	355	356	1398	1399	1400
334	356	335	1400	1401	1334
335	356	357	1401	1402	1403
335	357	336	1403	1404	1337
336	357	358	1404	1405	1406
336	358	337	1406	1407	1340
337	358	359	1407	1408	1409
337	359	338	1409	1410	1343
338	359	360	1410	1411	1412
338	360	339	1412	1413	1346
339	360	361	1413	1414	1415
339	361	340	1415	1416	1349
340	361	362	1416	1417	1418
340	362	341	1418	1419	1352
341	362	363	1419	1420	1421
341	363	342	1421	1422	1355
342	363	364	1422	1423	1424
342	364	343	1424	1425	1358
343	364	365	1425	1426	1427
343	365	344	1427	1428	1361
344	365	366	1428	1429	1430
344	366	345	1430	1431	1364
345	366	367	1431	1432	1433
345	367	346	1433	1434	1367
346	367	368	1434	1435	1436
346	368	347	1436	1437	1370
347	368	369	1437	1438	1439
347	369	348	1439	1440	1373
348	369	370	1440	1441	1442
348	370	349	1442	1443	1376
349	370	371	1443	1444	1445
349	371	350	1445	1446	1379
350	371	372	1446	1447	1448
350	372	351	1448	1449	1382
351	372	373	1449	1450	1451
351	373	352	1451	1452	1385
352	373	374	1452	1453	1454
352	374	353	1454	1455	1388
353	374	89	1455	1456	1457
353	89	88	1457	128	1391
10	11	375	50	1458	1459
10	375	354	1459	1460	1393
354	375	376	1460	1461	1462
354	376	355	1462	1463	1396
355	376	377	1463	1464	1465
355	377	356	1465	1466	1399
356	377	378	1466	1467	1468
356	378	357	1468	1469	1402
357	378	379	1469	1470	1471
357	379	358	1471	1472	1405
358	379	380	1472	1473	1474
358	380	359	1474	1475	1408
359	380	381	1475	1476	1477
359	381	360	1477	1478	1411
360	381	382	1478	1479	1480
360	382	361	1480	1481	1414
361	382	383	1481	1482	1483
361	383	362	1483	1484	1417
362	383	384	1484	1485	1486
362	384	363	1486	1487	1420
363	384	385	1487	1488	1489
363	385	364	1489	1490	1423
364	385	386	1490	1491	1492
364	386	365	1492	1493	1426
365	386	387	1493	1494	1495
365	387	366	1495	1496	1429
366	387	388	1496	1497	1498
366	388	367	1498	1499	1432
367	388	389	1499	1500	1501
367	389	368	1501	1502	1435
368	389	390	1502	1503	1504
368	390	369	1504	1505	1438
369	390	391	1505	1506	1507
369	391	370	1507	1508	1441
370	391	392	1508	1509	1510
370	392	371	1510	1511	1444
371	392	393	1511	1512	1513
371	393	372	1513	1514	1447
372	393	394	1514	1515	1516
372	394	373	1516	1517	1450
373	394	395	1517	1518	1519
373	395	374	1519	1520	1453
374	395	90	1520	1521	1522
374	90	89	1522	129	1456
11	12	396	51	1523	1524
11	396	375	1524	1525	1458
375	396	397	1525	1526	1527
375	397	376	1527	1528	1461
376	397	398	1528	1529	1530
376	398	377	1530	1531	1464
377	398	399	1531	1532	1533
377	399	378	1533	1534	1467
378	399	400	1534	1535	1536
378	400	379	1536	1537	1470
379	400	401	1537	1538	1539
379	401	380	1539	1540	1473
380	401	402	1540	1541	1542
380	402	381	1542	1543	1476
381	402	403	1543	1544	1545
381	403	382	1545	1546	1479
382	403	404	1546	1547	1548
382	404	383	1548	1549	1482
383	404	405	1549	1550	1551
383	405	384	1551	1552	1485
384	405	406	1552	1553	1554
384	406	385	1554	1555	1488
385	406	407	1555	1556	1557
385	407	386	1557	1558	1491
386	407	408	1558	1559	1560
386	408	387	1560	1561	1494
387	408	409	1561	1562	1563
387	409	388	1563	1564	1497
388	409	410	1564	1565	1566
388	410	389	1566	1567	1500
389	410	411	1567	1568	1569
389	411	390	1569	1570	1503
390	411	412	1570	1571	1572
390	412	391	1572	1573	1506
391	412	413	1573	1574	1575
391	413	392	1575	1576	1509
392	413	414	1576	1577	1578
392	414	393	1578	1579	1512
393	414	415	1579	1580	1581
393	415	394	1581	1582	1515
394	415	416	1582	1583	1584
394	416	395	1584	1585	1518
395	416	91	1585	1586	1587
395	91	90	1587	130	1521
12	13	417	52	1588	1589
12	417	396	1589	1590	1523
396	417	418	1590	1591	1592
396	418	397	1592	1593	1526
397	418	419	1593	1594	1595
397	419	398	1595	1596	1529
398	419	420	1596	1597	1598
398	420	399	1598	1599	1532
399	420	421	1599	1600	1601
399	421	400	1601	1602	1535
400	421	422	1602	1603	1604
400	422	401	1604	1605	1538
401	422	423	1605	1606	1607
401	423	402	1607	1608	1541
402	423	424	1608	1609	1610
402	424	403	1610	1611	1544
403	424	425	1611	1612	1613
403	425	404	1613	1614	1547
404	425	426	1614	1615	1616
404	426	405	1616	1617	1550
405	426	427	1617	1618	1619
405	427	406	1619	1620	1553
406	427	428	1620	1621	1622
406	428	407	1622	1623	1556
407	428	429	1623	1624	1625
407	429	408	1625	1626	1559
408	429	430	1626	1627	1628
408	430	409	1628	1629	1562
409	430	431	1629	1630	1631
409	431	410	1631	1632	1565
410	431	432	1632	1633	1634
410	432	411	1634	1635	1568
411	432	433	1635	1636	1637
411	433	412	1637	1638	1571
412	433	434	1638	1639	1640
412	434	413	1640	1641	1574
413	434	435	1641	1642	1643
413	435	414	1643	1644	1577
414	435	436	1644	1645	1646
414	436	415	1646	1647	1580
415	436	437	1647	1648	1649
415	437	416	1649	1650	1583
416	437	92	1650	1651	1652
416	92	91	1652	131	1586
13	14	438	53	1653	1654
13	438	417	1654	1655	1588
417	438	439	1655	1656	1657
417	439	418	1657	1658	1591
418	439	440	1658	1659	1660
418	440	419	1660	1661	1594
419	440	441	1661	1662	1663
419	441	420	1663	1664	1597
420	441	442	1664	1665	1666
420	442	421	1666	1667	1600
421	442	443	1667	1668	1669
421	443	422	1669	1670	1603
422	443	444	1670	1671	1672
422	444	423	1672	1673	1606
423	444	445	1673	1674	1675
423	445	424	1675	1676	1609
424	445	446	1676	1677	1678
424	446	425	1678	1679	1612
425	446	447	1679	1680	1681
425	447	426	1681	1682	1615
426	447	448	1682	1683	1684
426	448	427	1684	1685	1618
427	448	449	1685	1686	1687
427	449	428	1687	1688	1621
428	449	450	1688	1689	1690
428	450	429	1690	1691	1624
429	450	451	1691	1692	1693
429	451	430	1693	1694	1627
430	451	452	1694	1695	1696
430	452	431	1696	1697	1630
431	452	453	1697	1698	1699
431	453	432	1699	1700	1633
432	453	454	1700	1701	1702
432	454	433	1702	1703	1636
433	454	455	1703	1704	1705
433	455	434	1705	1706	1639
434	455	456	1706	1707	1708
434	456	435	1708	1709	1642
435	456	457	1709	1710	1711
435	457	436	1711	1712	1645
436	457	458	1712	1713	1714
436	458	437	1714	1715	1648
437	458	93	1715	1716	1717
437	93	92	1717	132	1651
14	15	459	54	1718	1719
14	459	438	1719	1720	1653
438	459	460	1720	1721	1722
438	460	439	1722	1723	1656
439	460	461	1723	1724	1725
439	461	440	1725	1726	1659
440	461	462	1726	1727	1728
440	462	441	1728	1729	1662
441	462	463	1729	1730	1731
441	463	442	1731	1732	1665
442	463	464	1732	1733	1734
442	464	443	1734	1735	1668
443	464	465	1735	1736	1737
443	465	444	1737	1738	1671
444	465	466	1738	1739	1740
444	466	445	1740	1741	1674
445	466	467	1741	1742	1743
445	467	446	1743	1744	1677
446	467	468	1744	1745	1746
446	468	447	1746	1747	1680
447	468	469	1747	1748	1749
447	469	448	1749	1750	1683
448	469	470	1750	1751	1752
448	470	449	1752	1753	1686
449	470	471	1753	1754	1755
449	471	450	1755	1756	1689
450	471	472	1756	1757	1758
450	472	451	1758	1759	1692
451	472	473	1759	1760	1761
451	473	452	1761	1762	1695
452	473	474	1762	1763	1764
452	474	453	1764	1765	1698
453	474	475	1765	1766	1767
453	475	454	1767	1768	1701
454	475	476	1768	1769	1770
454	476	455	1770	1771	1704
455	476	477	1771	1772	1773
455	477	456	1773	1774	1707
456	477	478	1774	1775	1776
456	478	457	1776	1777	1710
457	478	479	1777	1778	1779
457	479	458	1779	1780	1713
458	479	94	1780	1781	1782
458	94	93	1782	133	1716
15	16	480	55	1783	1784
15	480	459	1784	1785	1718
459	480	481	1785	1786	1787
459	481	460	1787	1788	1721
460	481	482	1788	1789	1790
460	482	461	1790	1791	1724
461	482	483	1791	1792	1793
461	483	462	1793	1794	1727
462	483	484	1794	1795	1796
462	484	463	1796	1797	1730
463	484	485	1797	1798	1799
463	485	464	1799	1800	1733
464	485	486	1800	1801	1802
464	486	465	1802	1803	1736
465	486	487	1803	1804	1805
465	487	466	1805	1806	1739
466	487	488	1806	1807	1808
466	488	467	1808	1809	1742
467	488	489	1809	1810	1811
467	489	468	1811	1812	1745
468	489	490	1812	1813	1814
468	490	469	1814	1815	1748
469	490	491	1815	1816	1817
469	491	470	1817	1818	1751
470	491	492	1818	1819	1820
470	492	471	1820	1821	1754
471	492	493	1821	1822	1823
471	493	472	1823	1824	1757
472	493	494	1824	1825	1826
472	494	473	1826	1827	1760
473	494	495	1827	1828	1829
473	495	474	1829	1830	1763
474	495	496	1830	1831	1832
474	496	475	1832	1833	1766
475	496	497	1833	1834	1835
475	497	476	1835	1836	1769
476	497	498	1836	1837	1838
476	498	477	1838	1839	1772
477	498	499	1839	1840	1841
477	499	478	1841	1842	1775
478	499	500	1842	1843	1844
478	500	479	1844	1845	1778
479	500	95	1845	1846	1847
479	95	94	1847	134	1781
16	17	501	56	1848	1849
16	501	480	1849	1850	1783
480	501	502	1850	1851	1852
480	502	481	1852	1853	1786
481	502	503	1853	1854	1855
481	503	482	1855	1856	1789
482	503	504	1856	1857	1858
482	504	483	1858	1859	1792
483	504	505	1859	1860	1861
483	505	484	1861	1862	1795
484	505	506	1862	1863	1864
484	506	485	1864	1865	1798
485	506	507	1865	1866	1867
485	507	486	1867	1868	1801
486	507	508	1868	1869	1870
486	508	487	1870	1871	1804
487	508	509	1871	1872	1873
487	509	488	1873	1874	1807
488	509	510	1874	1875	1876
488	510	489	1876	1877	1810
489	510	511	1877	1878	1879
489	511	490	1879	1880	1813
490	511	512	1880	1881	1882
490	512	491	1882	1883	1816
491	512	513	1883	1884	1885
491	513	492	1885	1886	1819
492	513	514	1886	1887	1888
492	514	493	1888	1889	1822
493	514	515	1889	1890	1891
493	515	494	1891	1892	1825
494	515	516	1892	1893	1894
494	516	495	1894	1895	1828
495	516	517	1895	1896	1897
495	517	496	1897	1898	1831
496	517	518	1898	1899	1900
496	518	497	1900	1901	1834
497	518	519	1901	1902	1903
497	519	498	1903	1904	1837
498	519	520	1904	1905	1906
498	520	499	1906	1907	1840
499	520	521	1907	1908	1909
499	521	500	1909	1910	1843
500	521	96	1910	1911	1912
500	96	95	1912	135	1846
17	18	522	57	1913	1914
17	522	501	1914	1915	1848
501	522	523	1915	1916	1917
501	523	502	1917	1918	1851
502	523	524	1918	1919	1920
502	524	503	1920	1921	1854
503	524	525	1921	1922	1923
503	525	504	1923	1924	1857
504	525	526	1924	1925	1926
504	526	505	1926	1927	1860
505	526	527	1927	1928	1929
505	527	506	1929	1930	1863
506	527	528	1930	1931	1932
506	528	507	1932	1933	1866
507	528	529	1933	1934	1935
507	529	508	1935	1936	1869
508	529	530	1936	1937	1938
508	530	509	1938	1939	1872
509	530	531	1939	1940	1941
509	531	510	1941	1942	1875
510	531	532	1942	1943	1944
510	532	511	1944	1945	1878
511	532	533	1945	1946	1947
511	533	512	1947	1948	1881
512	533	534	1948	1949	1950
512	534	513	1950	1951	1884
513	534	535	1951	1952	1953
513	535	514	1953	1954	1887
514	535	536	1954	1955	1956
514	536	515	1956	1957	1890
515	536	537	1957	1958	1959
515	537	516	1959	1960	1893
516	537	538	1960	1961	1962
516	538	517	1962	1963	1896
517	538	539	1963	1964	1965
517	539	518	1965	1966	1899
518	539	540	1966	1967	1968
518	540	519	1968	1969	1902
519	540	541	1969	1970	1971
519	541	520	1971	1972	1905
520	541	542	1972	1973	1974
520	542	521	1974	1975	1908
521	542	97	1975	1976	1977
521	97	96	1977	136	1911
18	19	543	58	1978	1979
18	543	522	1979	1980	1913
522	543	544	1980	1981	1982
522	544	523	1982	1983	1916
523	544	545	1983	1984	1985
523	545	524	1985	1986	1919
524	545	546	1986	1987	1988
524	546	525	1988	1989	1922
525	546	547	1989	1990	1991
525	547	526	1991	1992	1925
526	547	548	1992	1993	1994
526	548	527	1994	1995	1928
527	548	549	1995	1996	1997
527	549	528	1997	1998	1931
528	549	550	1998	1999	2000
528	550	529	2000	2001	1934
529	550	551	2001	2002	2003
529	551	530	2003	2004	1937
530	551	552	2004	2005	2006
530	552	531	2006	2007	1940
531	552	553	2007	2008	2009
531	553	532	2009	2010	1943
532	553	554	2010	2011	2012
532	554	533	2012	2013	1946
533	554	555	2013	2014	2015
533	555	534	2015	2016	1949
534	555	556	2016	2017	2018
534	556	535	2018	2019	1952
535	556	557	2019	2020	2021
535	557	536	2021	2022	1955
536	557	558	2022	2023	2024
536	558	537	2024	2025	1958
537	558	559	2025	2026	2027
537	559	538	2027	2028	1961
538	559	560	2028	2029	2030
538	560	539	2030	2031	1964
539	560	561	2031	2032	2033
539	561	540	2033	2034	1967
540	561	562	2034	2035	2036
540	562	541	2036	2037	1970
541	562	563	2037	2038	2039
541	563	542	2039	2040	1973
542	563	98	2040	2041	2042
542	98	97	2042	137	1976
19	20	564	59	2043	2044
19	564	543	2044	2045	1978
543	564	565	2045	2046	2047
543	565	544	2047	2048	1981
544	565	566	2048	2049	2050
544	566	545	2050	2051	1984
545	566	567	2051	2052	2053
545	567	546	2053	2054	1987
546	567	568	2054	2055	2056
546	568	547	2056	2057	1990
547	568	569	2057	2058	2059
547	569	548	2059	2060	1993
548	569	570	2060	2061	2062
548	570	549	2062	2063	1996
549	570	571	2063	2064	2065
549	571	550	2065	2066	1999
550	571	572	2066	2067	2068
550	572	551	2068	2069	2002
551	572	573	2069	2070	2071
551	573	552	2071	2072	2005
552	573	574	2072	2073	2074
552	574	553	2074	2075	2008
553	574	575	2075	2076	2077
553	575	554	2077	2078	2011
554	575	576	2078	2079	2080
554	576	555	2080	2081	2014
555	576	577	2081	2082	2083
555	577	556	2083	2084	2017
556	577	578	2084	2085	2086
556	578	557	2086	2087	2020
557	578	579	2087	2088	2089
557	579	558	2089	2090	2023
558	579	580	2090	2091	2092
558	580	559	2092	2093	2026
559	580	581	2093	2094	2095
559	581	560	2095	2096	2029
560	581	582	2096	2097	2098
560	582	561	2098	2099	2032
561	582	583	2099	2100	2101
561	583	562	2101	2102	2035
562	583	584	2102	2103	2104
562	584	563	2104	2105	2038
563	584	99	2105	2106	2107
563	99	98	2107	138	2041
20	21	585	60	2108	2109
20	585	564	2109	2110	2043
564	585	586	2110	2111	2112
564	586	565	2112	2113	2046
565	586	587	2113	2114	2115
565	587	566	2115	2116	2049
566	587	588	2116	2117	2118
566	588	567	2118	2119	2052
567	588	589	2119	2120	2121
567	589	568	2121	2122	2055
568	589	590	2122	2123	2124
568	590	569	2124	2125	2058
569	590	591	2125	2126	2127
569	591	570	2127	2128	2061
570	591	592	2128	2129	2130
570	592	571	2130	2131	2064
571	592	593	2131	2132	2133
571	593	572	2133	2134	2067
572	593	594	2134	2135	2136
572	594	573	2136	2137	2070
573	594	595	2137	2138	2139
573	595	574	2139	2140	2073
574	595	596	2140	2141	2142
574	596	575	2142	2143	2076
575	596	597	2143	2144	2145
575	597	576	2145	2146	2079
576	597	598	2146	2147	2148
576	598	577	2148	2149	2082
577	598	599	2149	2150	2151
577	599	578	2151	2152	2085
578	599	600	2152	2153	2154
578	600	579	2154	2155	2088
579	600	601	2155	2156	2157
579	601	580	2157	2158	2091
580	601	602	2158	2159	2160
580	602	581	2160	2161	2094
581	602	603	2161	2162	2163
581	603	582	2163	2164	2097
582	603	604	2164	2165	2166
582	604	583	2166	2167	2100
583	604	605	2167	2168	2169
583	605	584	2169	2170	2103
584	605	100	2170	2171	2172
584	100	99	2172	139	2106
21	22	606	61	2173	2174
21	606	585	2174	2175	2108
585	606	607	2175	2176	2177
585	607	586	2177	2178	2111
586	607	608	2178	2179	2180
586	608	587	2180	2181	2114
587	608	609	2181	2182	2183
587	609	588	2183	2184	2117
588	609	610	2184	2185	2186
588	610	589	2186	2187	2120
589	610	611	2187	2188	2189
589	611	590	2189	2190	2123
590	611	612	2190	2191	2192
590	612	591	2192	2193	2126
591	612	613	2193	2194	2195
591	613	592	2195	2196	2129
592	613	614	2196	2197	2198
592	614	593	2198	2199	2132
593	614	615	2199	2200	2201
593	615	594	2201	2202	2135
594	615	616	2202	2203	2204
594	616	595	2204	2205	2138
595	616	617	2205	2206	2207
595	617	596	2207	2208	2141
596	617	618	2208	2209	2210
596	618	597	2210	2211	2144
597	618	619	2211	2212	2213
597	619	598	2213	2214	2147
598	619	620	2214	2215	2216
598	620	599	2216	2217	2150
599	620	621	2217	2218	2219
599	621	600	2219	2220	2153
600	621	622	2220	2221	2222
600	622	601	2222	2223	2156
601	622	623	2223	2224	2225
601	623	602	2225	2226	2159
602	623	624	2226	2227	2228
602	624	603	2228	2229	2162
603	624	625	2229	2230	2231
603	625	604	2231	2232	2165
604	625	626	2232	2233	2234
604	626	605	2234	2235	2168
605	626	101	2235	2236	2237
605	101	100	2237	140	2171
22	23	627	62	2238	2239
22	627	606	2239	2240	2173
606	627	628	2240	2241	2242
606	628	607	2242	2243	2176
607	628	629	2243	2244	2245
607	629	608	2245	2246	2179
608	629	630	2246	2247	2248
608	630	609	2248	2249	2182
609	630	631	2249	2250	2251
609	631	610	2251	2252	2185
610	631	632	2252	2253	2254
610	632	611	2254	2255	2188
611	632	633	2255	2256	2257
611	633	612	2257	2258	2191
612	633	634	2258	2259	2260
612	634	613	2260	2261	2194
613	634	635	2261	2262	2263
613	635	614	2263	2264	2197
614	635	636	2264	2265	2266
614	636	615	2266	2267	2200
615	636	637	2267	2268	2269
615	637	616	2269	2270	2203
616	637	638	2270	2271	2272
616	638	617	2272	2273	2206
617	638	639	2273	2274	2275
617	639	618	2275	2276	2209
618	639	640	2276	2277	2278
618	640	619	2278	2279	2212
619	640	641	2279	2280	2281
619	641	620	2281	2282	2215
620	641	642	2282	2283	2284
620	642	621	2284	2285	2218
621	642	643	2285	2286	2287
621	643	622	2287	2288	2221
622	643	644	2288	2289	2290
622	644	623	2290	2291	2224
623	644	645	2291	2292	2293
623	645	624	2293	2294	2227
624	645	646	2294	2295	2296
624	646	625	2296	2297	2230
625	646	647	2297	2298	2299
625	647	626	2299	2300	2233
626	647	102	2300	2301	2302
626	102	101	2302	141	2236
23	24	648	63	2303	2304
23	648	627	2304	2305	2238
627	648	649	2305	2306	2307
627	649	628	2307	2308	2241
628	649	650	2308	2309	2310
628	650	629	2310	2311	2244
629	650	651	2311	2312	2313
629	651	630	2313	2314	2247
630	651	652	2314	2315	2316
630	652	631	2316	2317	2250
631	652	653	2317	2318	2319
631	653	632	2319	2320	2253
632	653	654	2320	2321	2322
632	654	633	2322	2323	2256
633	654	655	2323	2324	2325
633	655	634	2325	2326	2259
634	655	656	2326	2327	2328
634	656	635	2328	2329	2262
635	656	657	2329	2330	2331
635	657	636	2331	2332	2265
636	657	658	2332	2333	2334
636	658	637	2334	2335	2268
637	658	659	2335	2336	2337
637	659	638	2337	2338	2271
638	659	660	2338	2339	2340
638	660	639	2340	2341	2274
639	660	661	2341	2342	2343
639	661	640	2343	2344	2277
640	661	662	2344	2345	2346
640	662	641	2346	2347	2280
641	662	663	2347	2348	2349
641	663	642	2349	2350	2283
642	663	664	2350	2351	2352
642	664	643	2352	2353	2286
643	664	665	2353	2354	2355
643	665	644	2355	2356	2289
644	665	666	2356	2357	2358
644	666	645	2358	2359	2292
645	666	667	2359	2360	2361
645	667	646	2361	2362	2295
646	667	668	2362	2363	2364
646	668	647	2364	2365	2298
647	668	103	2365	2366	2367
647	103	102	2367	142	2301
24	25	669	64	2368	2369
24	669	648	2369	2370	2303
648	669	670	2370	2371	2372
648	670	649	2372	2373	2306
649	670	671	2373	2374	2375
649	671	650	2375	2376	2309
650	671	672	2376	2377	2378
650	672	651	2378	2379	2312
651	672	673	2379	2380	2381
651	673	652	2381	2382	2315
652	673	674	2382	2383	2384
652	674	653	2384	2385	2318
653	674	675	2385	2386	2387
653	675	654	2387	2388	2321
654	675	676	2388	2389	2390
654	676	655	2390	2391	2324
655	676	677	2391	2392	2393
655	677	656	2393	2394	2327
656	677	678	2394	2395	2396
656	678	657	2396	2397	2330
657	678	679	2397	2398	2399
657	679	658	2399	2400	2333
658	679	680	2400	2401	2402
658	680	659	2402	2403	2336
659	680	681	2403	2404	2405
659	681	660	2405	2406	2339
660	681	682	2406	2407	2408
660	682	661	2408	2409	2342
661	682	683	2409	2410	2411
661	683	662	2411	2412	2345
662	683	684	2412	2413	2414
662	684	663	2414	2415	2348
663	684	685	2415	2416	2417
663	685	664	2417	2418	2351
664	685	686	2418	2419	2420
664	686	665	2420	2421	2354
665	686	687	2421	2422	2423
665	687	666	2423	2424	2357
666	687	688	2424	2425	2426
666	688	667	2426	2427	2360
667	688	689	2427	2428	2429
667	689	668	2429	2430	2363
668	689	104	2430	2431	2432
668	104	103	2432	143	2366
25	26	690	65	2433	2434
25	690	669	2434	2435	2368
669	690	691	2435	2436	2437
669	691	670	2437	2438	2371
670	691	692	2438	2439	2440
670	692	671	2440	2441	2374
671	692	693	2441	2442	2443
671	693	672	2443	2444	2377
672	693	694	2444	2445	2446
672	694	673	2446	2447	2380
673	694	695	2447	2448	2449
673	695	674	2449	2450	2383
674	695	696	2450	2451	2452
674	696	675	2452	2453	2386
675	696	697	2453	2454	2455
675	697	676	2455	2456	2389
676	697	698	2456	2457	2458
676	698	677	2458	2459	2392
677	698	699	2459	2460	2461
677	699	678	2461	2462	2395
678	699	700	2462	2463	2464
678	700	679	2464	2465	2398
679	700	701	2465	2466	2467
679	701	680	2467	2468	2401
680	701	702	2468	2469	2470
680	702	681	2470	2471	2404
681	702	703	2471	2472	2473
681	703	682	2473	2474	2407
682	703	704	2474	2475	2476
682	704	683	2476	2477	2410
683	704	705	2477	2478	2479
683	705	684	2479	2480	2413
684	705	706	2480	2481	2482
684	706	685	2482	2483	2416
685	706	707	2483	2484	2485
685	707	686	2485	2486	2419
686	707	708	2486	2487	2488
686	708	687	2488	2489	2422
687	708	709	2489	2490	2491
687	709	688	2491	2492	2425
688	709	710	2492	2493	2494
688	710	689	2494	2495	2428
689	710	105	2495	2496	2497
689	105	104	2497	144	2431
26	27	711	66	2498	2499
26	711	690	2499	2500	2433
690	711	712	2500	2501	2502
690	712	691	2502	2503	2436
691	712	713	2503	2504	2505
691	713	692	2505	2506	2439
692	713	714	2506	2507	2508
692	714	693	2508	2509	2442
693	714	715	2509	2510	2511
693	715	694	2511	2512	2445
694	715	716	2512	2513	2514
694	716	695	2514	2515	2448
695	716	717	2515	2516	2517
695	717	696	2517	2518	2451
696	717	718	2518	2519	2520
696	718	697	2520	2521	2454
697	718	719	2521	2522	2523
697	719	698	2523	2524	2457
698	719	720	2524	2525	2526
698	720	699	2526	2527	2460
699	720	721	2527	2528	2529
699	721	700	2529	2530	2463
700	721	722	2530	2531	2532
700	722	701	2532	2533	2466
701	722	723	2533	2534	2535
701	723	702	2535	2536	2469
702	723	724	2536	2537	2538
702	724	703	2538	2539	2472
703	724	725	2539	2540	2541
703	725	704	2541	2542	2475
704	725	726	2542	2543	2544
704	726	705	2544	2545	2478
705	726	727	2545	2546	2547
705	727	706	2547	2548	2481
706	727	728	2548	2549	2550
706	728	707	2550	2551	2484
707	728	729	2551	2552	2553
707	729	708	2553	2554	2487
708	729	730	2554	2555	2556
708	730	709	2556	2557	2490
709	730	731	2557	2558	2559
709	731	710	2559	2560	2493
710	731	106	2560	2561	2562
710	106	105	2562	145	2496
27	28	732	67	2563	2564
27	732	711	2564	2565	2498
711	732	733	2565	2566	2567
711	733	712	2567	2568	2501
712	733	734	2568	2569	2570
712	734	713	2570	2571	2504
713	734	735	2571	2572	2573
713	735	714	2573	2574	2507
714	735	736	2574	2575	2576
714	736	715	2576	2577	2510
715	736	737	2577	2578	2579
715	737	716	2579	2580	2513
716	737	738	2580	2581	2582
716	738	717	2582	2583	2516
717	738	739	2583	2584	2585
717	739	718	2585	2586	2519
718	739	740	2586	2587	2588
718	740	719	2588	2589	2522
719	740	741	2589	2590	2591
719	741	720	2591	2592	2525
720	741	742	2592	2593	2594
720	742	721	2594	2595	2528
721	742	743	2595	2596	2597
721	743	722	2597	2598	2531
722	743	744	2598	2599	2600
722	744	723	2600	2601	2534
723	744	745	2601	2602	2603
723	745	724	2603	2604	2537
724	745	746	2604	2605	2606
724	746	725	2606	2607	2540
725	746	747	2607	2608	2609
725	747	726	2609	2610	2543
726	747	748	2610	2611	2612
726	748	727	2612	2613	2546
727	748	749	2613	2614	2615
727	749	728	2615	2616	2549
728	749	750	2616	2617	2618
728	750	729	2618	2619	2552
729	750	751	2619	2620	2621
729	751	730	2621	2622	2555
730	751	752	2622	2623	2624
730	752	731	2624	2625	2558
731	752	107	2625	2626	2627
731	107	106	2627	146	2561
28	29	753	68	2628	2629
28	753	732	2629	2630	2563
732	753	754	2630	2631	2632
732	754	733	2632	2633	2566
733	754	755	2633	2634	2635
733	755	734	2635	2636	2569
734	755	756	2636	2637	2638
734	756	735	2638	2639	2572
735	756	757	2639	2640	2641
735	757	736	2641	2642	2575
736	757	758	2642	2643	2644
736	758	737	2644	2645	2578
737	758	759	2645	2646	2647
737	759	738	2647	2648	2581
738	759	760	2648	2649	2650
738	760	739	2650	2651	2584
739	760	761	2651	2652	2653
739	761	740	2653	2654	2587
740	761	762	2654	2655	2656
740	762	741	2656	2657	2590
741	762	763	2657	2658	2659
741	763	742	2659	2660	2593
742	763	764	2660	2661	2662
742	764	743	2662	2663	2596
743	764	765	2663	2664	2665
743	765	744	2665	2666	2599
744	765	766	2666	2667	2668
744	766	745	2668	2669	2602
745	766	767	2669	2670	2671
745	767	746	2671	2672	2605
746	767	768	2672	2673	2674
746	768	747	2674	2675	2608
747	768	769	2675	2676	2677
747	769	748	2677	2678	2611
748	769	770	2678	2679	2680
748	770	749	2680	2681	2614
749	770	771	2681	2682	2683
749	771	750	2683	2684	2617
750	771	772	2684	2685	2686
750	772	751	2686	2687	2620
751	772	773	2687	2688	2689
751	773	752	2689	2690	2623
752	773	108	2690	2691	2692
752	108	107	2692	147	2626
29	30	774	69	2693	2694
29	774	753	2694	2695	2628
753	774	775	2695	2696	2697
753	775	754	2697	2698	2631
754	775	776	2698	2699	2700
754	776	755	2700	2701	2634
755	776	777	2701	2702	2703
755	777	756	2703	2704	2637
756	777	778	2704	2705	2706
756	778	757	2706	2707	2640
757	778	779	2707	2708	2709
757	779	758	2709	2710	2643
758	779	780	2710	2711	2712
758	780	759	2712	2713	2646
759	780	781	2713	2714	2715
759	781	760	2715	2716	2649
760	781	782	2716	2717	2718
760	782	761	2718	2719	2652
761	782	783	2719	2720	2721
761	783	762	2721	2722	2655
762	783	784	2722	2723	2724
762	784	763	2724	2725	2658
763	784	785	2725	2726	2727
763	785	764	2727	2728	2661
764	785	786	2728	2729	2730
764	786	765	2730	2731	2664
765	786	787	2731	2732	2733
765	787	766	2733	2734	2667
766	787	788	2734	2735	2736
766	788	767	2736	2737	2670
767	788	789	2737	2738	2739
767	789	768	2739	2740	2673
768	789	790	2740	2741	2742
768	790	769	2742	2743	2676
769	790	791	2743	2744	2745
769	791	770	2745	2746	2679
770	791	792	2746	2747	2748
770	792	771	2748	2749	2682
771	792	793	2749	2750	2751
771	793	772	2751	2752	2685
772	793	794	2752	2753	2754
772	794	773	2754	2755	2688
773	794	109	2755	2756	2757
773	109	108	2757	148	2691
30	31	795	70	2758	2759
30	795	774	2759	2760	2693
774	795	796	2760	2761	2762
774	796	775	2762	2763	2696
775	796	797	2763	2764	2765
775	797	776	2765	2766	2699
776	797	798	2766	2767	2768
776	798	777	2768	2769	2702
777	798	799	2769	2770	2771
777	799	778	2771	2772	2705
778	799	800	2772	2773	2774
778	800	779	2774	2775	2708
779	800	801	2775	2776	2777
779	801	780	2777	2778	2711
780	801	802	2778	2779	2780
780	802	781	2780	2781	2714
781	802	803	2781	2782	2783
781	803	782	2783	2784	2717
782	803	804	2784	2785	2786
782	804	783	2786	2787	2720
783	804	805	2787	2788	2789
783	805	784	2789	2790	2723
784	805	806	2790	2791	2792
784	806	785	2792	2793	2726
785	806	807	2793	2794	2795
785	807	786	2795	2796	2729
786	807	808	2796	2797	2798
786	808	787	2798	2799	2732
787	808	809	2799	2800	2801
787	809	788	2801	2802	2735
788	809	810	2802	2803	2804
788	810	789	2804	2805	2738
789	810	811	2805	2806	2807
789	811	790	2807	2808	2741
790	811	812	2808	2809	2810
790	812	791	2810	2811	2744
791	812	813	2811	2812	2813
791	813	792	2813	2814	2747
792	813	814	2814	2815	2816
792	814	793	2816	2817	2750
793	814	815	2817	2818	2819
793	815	794	2819	2820	2753
794	815	110	2820	2821	2822
794	110	109	2822	149	2756
31	32	816	71	2823	2824
31	816	795	2824	2825	2758
795	816	817	2825	2826	2827
795	817	796	2827	2828	2761
796	817	818	2828	2829	2830
796	818	797	2830	2831	2764
797	818	819	2831	2832	2833
797	819	798	2833	2834	2767
798	819	820	2834	2835	2836
798	820	799	2836	2837	2770
799	820	821	2837	2838	2839
799	821	800	2839	2840	2773
800	821	822	2840	2841	2842
800	822	801	2842	2843	2776
801	822	823	2843	2844	2845
801	823	802	2845	2846	2779
802	823	824	2846	2847	2848
802	824	803	2848	2849	2782
803	824	825	2849	2850	2851
803	825	804	2851	2852	2785
804	825	826	2852	2853	2854
804	826	805	2854	2855	2788
805	826	827	2855	2856	2857
805	827	806	2857	2858	2791
806	827	828	2858	2859	2860
806	828	807	2860	2861	2794
807	828	829	2861	2862	2863
807	829	808	2863	2864	2797
808	829	830	2864	2865	2866
808	830	809	2866	2867	2800
809	830	831	2867	2868	2869
809	831	810	2869	2870	2803
810	831	832	2870	2871	2872
810	832	811	2872	2873	2806
811	832	833	2873	2874	2875
811	833	812	2875	2876	2809
812	833	834	2876	2877	2878
812	834	813	2878	2879	2812
813	834	835	2879	2880	2881
813	835	814	2881	2882	2815
814	835	836	2882	2883	2884
814	836	815	2884	2885	2818
815	836	111	2885	2886	2887
815	111	110	2887	150	2821
32	33	837	72	2888	2889
32	837	816	2889	2890	2823
816	837	838	2890	2891	2892
816	838	817	2892	2893	2826
817	838	839	2893	2894	2895
817	839	818	2895	2896	2829
818	839	840	2896	2897	2898
818	840	819	2898	2899	2832
819	840	841	2899	2900	2901
819	841	820	2901	2902	2835
820	841	842	2902	2903	2904
820	842	821	2904	2905	2838
821	842	843	2905	2906	2907
821	843	822	2907	2908	2841
822	843	844	2908	2909	2910
822	844	823	2910	2911	2844
823	844	845	2911	2912	2913
823	845	824	2913	2914	2847
824	845	846	2914	2915	2916
824	846	825	2916	2917	2850
825	846	847	2917	2918	2919
825	847	826	2919	2920	2853
826	847	848	2920	2921	2922
826	848	827	2922	2923	2856
827	848	849	2923	2924	2925
827	849	828	2925	2926	2859
828	849	850	2926	2927	2928
828	850	829	2928	2929	2862
829	850	851	2929	2930	2931
829	851	830	2931	2932	2865
830	851	852	2932	2933	2934
830	852	831	2934	2935	2868
831	852	853	2935	2936	2937
831	853	832	2937	2938	2871
832	853	854	2938	2939	2940
832	854	833	2940	2941	2874
833	854	855	2941	2942	2943
833	855	834	2943	2944	2877
834	855	856	2944	2945	2946
834	856	835	2946	2947	2880
835	856	857	2947	2948	2949
835	857	836	2949	2950	2883
836	857	112	2950	2951	2952
836	112	111	2952	151	2886
33	34	858	73	2953	2954
33	858	837	2954	2955	2888
837	858	859	2955	2956	2957
837	859	838	2957	2958	2891
838	859	860	2958	2959	2960
838	860	839	2960	2961	2894
839	860	861	2961	2962	2963
839	861	840	2963	2964	2897
840	861	862	2964	2965	2966
840	862	841	2966	2967	2900
841	862	863	2967	2968	2969
841	863	842	2969	2970	2903
842	863	864	2970	2971	2972
842	864	843	2972	2973	2906
843	864	865	2973	2974	2975
843	865	844	2975	2976	2909
844	865	866	2976	2977	2978
844	866	845	2978	2979	2912
845	866	867	2979	2980	2981
845	867	846	2981	2982	2915
846	867	868	2982	2983	2984
846	868	847	2984	2985	2918
847	868	869	2985	2986	2987
847	869	848	2987	2988	2921
848	869	870	2988	2989	2990
848	870	849	2990	2991	2924
849	870	871	2991	2992	2993
849	871	850	2993	2994	2927
850	871	872	2994	2995	2996
850	872	851	2996	2997	2930
851	872	873	2997	2998	2999
851	873	852	2999	3000	2933
852	873	874	3000	3001	3002
852	874	853	3002	3003	2936
853	874	875	3003	3004	3005
853	875	854	3005	3006	2939
854	875	876	3006	3007	3008
854	876	855	3008	3009	2942
855	876	877	3009	3010	3011
855	877	856	3011	3012	2945
856	877	878	3012	3013	3014
856	878	857	3014	3015	2948
857	878	113	3015	3016	3017
857	113	112	3017	152	2951
34	35	879	74	3018	3019
34	879	858	3019	3020	2953
858	879	880	3020	3021	3022
858	880	859	3022	3023	2956
859	880	881	3023	3024	3025
859	881	860	3025	3026	2959
860	881	882	3026	3027	3028
860	882	861	3028	3029	2962
861	882	883	3029	3030	3031
861	883	862	3031	3032	2965
862	883	884	3032	3033	3034
862	884	863	3034	3035	2968
863	884	885	3035	3036	3037
863	885	864	3037	3038	2971
864	885	886	3038	3039	3040
864	886	865	3040	3041	2974
865	886	887	3041	3042	3043
865	887	866	3043	3044	2977
866	887	888	3044	3045	3046
866	888	867	3046	3047	2980
867	888	889	3047	3048	3049
867	889	868	3049	3050	2983
868	889	890	3050	3051	3052
868	890	869	3052	3053	2986
869	890	891	3053	3054	3055
869	891	870	3055	3056	2989
870	891	892	3056	3057	3058
870	892	871	3058	3059	2992
871	892	893	3059	3060	3061
871	893	872	3061	3062	2995
872	893	894	3062	3063	3064
872	894	873	3064	3065	2998
873	894	895	3065	3066	3067
873	895	874	3067	3068	3001
874	895	896	3068	3069	3070
874	896	875	3070	3071	3004
875	896	897	3071	3072	3073
875	897	876	3073	3074	3007
876	897	898	3074	3075	3076
876	898	877	3076	3077	3010
877	898	899	3077	3078	3079
877	899	878	3079	3080	3013
878	899	114	3080	3081	3082
878	114	113	3082	153	3016
35	36	900	75	3083	3084
35	900	879	3084	3085	3018
879	900	901	3085	3086	3087
879	901	880	3087	3088	3021
880	901	902	3088	3089	3090
880	902	881	3090	3091	3024
881	902	903	3091	3092	3093
881	903	882	3093	3094	3027
882	903	904	3094	3095	3096
882	904	883	3096	3097	3030
883	904	905	3097	3098	3099
883	905	884	3099	3100	3033
884	905	906	3100	3101	3102
884	906	885	3102	3103	3036
885	906	907	3103	3104	3105
885	907	886	3105	3106	3039
886	907	908	3106	3107	3108
886	908	887	3108	3109	3042
887	908	909	3109	3110	3111
887	909	888	3111	3112	3045
888	909	910	3112	3113	3114
888	910	889	3114	3115	3048
889	910	911	3115	3116	3117
889	911	890	3117	3118	3051
890	911	912	3118	3119	3120
890	912	891	3120	3121	3054
891	912	913	3121	3122	3123
891	913	892	3123	3124	3057
892	913	914	3124	3125	3126
892	914	893	3126	3127	3060
893	914	915	3127	3128	3129
893	915	894	3129	3130	3063
894	915	916	3130	3131	3132
894	916	895	3132	3133	3066
895	916	917	3133	3134	3135
895	917	896	3135	3136	3069
896	917	918	3136	3137	3138
896	918	897	3138	3139	3072
897	918	919	3139	3140	3141
897	919	898	3141	3142	3075
898	919	920	3142	3143	3144
898	920	899	3144	3145	3078
899	920	115	3145	3146	3147
899	115	114	3147	154	3081
36	37	921	76	3148	3149
36	921	900	3149	3150	3083
900	921	922	3150	3151	3152
900	922	901	3152	3153	3086
901	922	923	3153	3154	3155
901	923	902	3155	3156	3089
902	923	924	3156	3157	3158
902	924	903	3158	3159	3092
903	924	925	3159	3160	3161
903	925	904	3161	3162	3095
904	925	926	3162	3163	3164
904	926	905	3164	3165	3098
905	926	927	3165	3166	3167
905	927	906	3167	3168	3101
906	927	928	3168	3169	3170
906	928	907	3170	3171	3104
907	928	929	3171	3172	3173
907	929	908	3173	3174	3107
908	929	930	3174	3175	3176
908	930	909	3176	3177	3110
909	930	931	3177	3178	3179
909	931	910	3179	3180	3113
910	931	932	3180	3181	3182
910	932	911	3182	3183	3116
911	932	933	3183	3184	3185
911	933	912	3185	3186	3119
912	933	934	3186	3187	3188
912	934	913	3188	3189	3122
913	934	935	3189	3190	3191
913	935	914	3191	3192	3125
914	935	936	3192	3193	3194
914	936	915	3194	3195	3128
915	936	937	3195	3196	3197
915	937	916	3197	3198	3131
916	937	938	3198	3199	3200
916	938	917	3200	3201	3134
917	938	939	3201	3202	3203
917	939	918	3203	3204	3137
918	939	940	3204	3205	3206
918	940	919	3206	3207	3140
919	940	941	3207	3208	3209
919	941	920	3209	3210	3143
920	941	116	3210	3211	3212
920	116	115	3212	155	3146
37	38	942	77	3213	3214
37	942	921	3214	3215	3148
921	942	943	3215	3216	3217
921	943	922	3217	3218	3151
922	943	944	3218	3219	3220
922	944	923	3220	3221	3154
923	944	945	3221	3222	3223
923	945	924	3223	3224	3157
924	945	946	3224	3225	3226
924	946	925	3226	3227	3160
925	946	947	3227	3228	3229
925	947	926	3229	3230	3163
926	947	948	3230	3231	3232
926	948	927	3232	3233	3166
927	948	949	3233	3234	3235
927	949	928	3235	3236	3169
928	949	950	3236	3237	3238
928	950	929	3238	3239	3172
929	950	951	3239	3240	3241
929	951	930	3241	3242	3175
930	951	952	3242	3243	3244
930	952	931	3244	3245	3178
931	952	953	3245	3246	3247
931	953	932	3247	3248	3181
932	953	954	3248	3249	3250
932	954	933	3250	3251	3184
933	954	955	3251	3252	3253
933	955	934	3253	3254	3187
934	955	956	3254	3255	3256
934	956	935	3256	3257	3190
935	956	957	3257	3258	3259
935	957	936	3259	3260	3193
936	957	958	3260	3261	3262
936	958	937	3262	3263	3196
937	958	959	3263	3264	3265
937	959	938	3265	3266	3199
938	959	960	3266	3267	3268
938	960	939	3268	3269	3202
939	960	961	3269	3270	3271
939	961	940	3271	3272	3205
940	961	962	3272	3273	3274
940	962	941	3274	3275	3208
941	962	117	3275	3276	3277
941	117	116	3277	156	3211
38	39	963	78	3278	3279
38	963	942	3279	3280	3213
942	963	964	3280	3281	3282
942	964	943	3282	3283	3216
943	964	965	3283	3284	3285
943	965	944	3285	3286	3219
944	965	966	3286	3287	3288
944	966	945	3288	3289	3222
945	966	967	3289	3290	3291
945	967	946	3291	3292	3225
946	967	968	3292	3293	3294
946	968	947	3294	3295	3228
947	968	969	3295	3296	3297
947	969	948	3297	3298	3231
948	969	970	3298	3299	3300
948	970	949	3300	3301	3234
949	970	971	3301	3302	3303
949	971	950	3303	3304	3237
950	971	972	3304	3305	3306
950	972	951	3306	3307	3240
951	972	973	3307	3308	3309
951	973	952	3309	3310	3243
952	973	974	3310	3311	3312
952	974	953	3312	3313	3246
953	974	975	3313	3314	3315
953	975	954	3315	3316	3249
954	975	976	3316	3317	3318
954	976	955	3318	3319	3252
955	976	977	3319	3320	3321
955	977	956	3321	3322	3255
956	977	978	3322	3323	3324
956	978	957	3324	3325	3258
957	978	979	3325	3326	3327
957	979	958	3327	3328	3261
958	979	980	3328	3329	3330
958	980	959	3330	3331	3264
959	980	981	3331	3332	3333
959	981	960	3333	3334	3267
960	981	982	3334	3335	3336
960	982	961	3336	3337	3270
961	982	983	3337	3338	3339
961	983	962	3339	3340	3273
962	983	118	3340	3341	3342
962	118	117	3342	157	3276
39	40	984	79	3343	3344
39	984	963	3344	3345	3278
963	984	985	3345	3346	3347
963	985	964	3347	3348	3281
964	985	986	3348	3349	3350
964	986	965	3350	3351	3284
965	986	987	3351	3352	3353
965	987	966	3353	3354	3287
966	987	988	3354	3355	3356
966	988	967	3356	3357	3290
967	988	989	3357	3358	3359
967	989	968	3359	3360	3293
968	989	990	3360	3361	3362
968	990	969	3362	3363	3296
969	990	991	3363	3364	3365
969	991	970	3365	3366	3299
970	991	992	3366	3367	3368
970	992	971	3368	3369	3302
971	992	993	3369	3370	3371
971	993	972	3371	3372	3305
972	993	994	3372	3373	3374
972	994	973	3374	3375	3308
973	994	995	3375	3376	3377
973	995	974	3377	3378	3311
974	995	996	3378	3379	3380
974	996	975	3380	3381	3314
975	996	997	3381	3382	3383
975	997	976	3383	3384	3317
976	997	998	3384	3385	3386
976	998	977	3386	3387	3320
977	998	999	3387	3388	3389
977	999	978	3389	3390	3323
978	999	1000	3390	3391	3392
978	1000	979	3392	3393	3326
979	1000	1001	3393	3394	3395
979	1001	980	3395	3396	3329
980	1001	1002	3396	3397	3398
980	1002	981	3398	3399	3332
981	1002	1003	3399	3400	3401
981	1003	982	3401	3402	3335
982	1003	1004	3402	3403	3404
982	1004	983	3404	3405	3338
983	1004	119	3405	3406	3407
983	119	118	3407	158	3341
40	41	1005	80	3408	3409
40	1005	984	3409	3410	3343
984	1005	1006	3410	3411	3412
984	1006	985	3412	3413	3346
985	1006	1007	3413	3414	3415
985	1007	986	3415	3416	3349
986	1007	1008	3416	3417	3418
986	1008	987	3418	3419	3352
987	1008	1009	3419	3420	3421
987	1009	988	3421	3422	3355
988	1009	1010	3422	3423	3424
988	1010	989	3424	3425	3358
989	1010	1011	3425	3426	3427
989	1011	990	3427	3428	3361
990	1011	1012	3428	3429	3430
990	1012	991	3430	3431	3364
991	1012	1013	3431	3432	3433
991	1013	992	3433	3434	3367
992	1013	1014	3434	3435	3436
992	1014	993	3436	3437	3370
993	1014	1015	3437	3438	3439
993	1015	994	3439	3440	3373
994	1015	1016	3440	3441	3442
994	1016	995	3442	3443	3376
995	1016	1017	3443	3444	3445
995	1017	996	3445	3446	3379
996	1017	1018	3446	3447	3448
996	1018	997	3448	3449	3382
997	1018	1019	3449	3450	3451
997	1019	998	3451	3452	3385
998	1019	1020	3452	3453	3454
998	1020	999	3454	3455	3388
999	1020	1021	3455	3456	3457
999	1021	1000	3457	3458	3391
1000	1021	1022	3458	3459	3460
1000	1022	1001	3460	3461	3394
1001	1022	1023	3461	3462	3463
1001	1023	1002	3463	3464	3397
1002	1023	1024	3464	3465	3466
1002	1024	1003	3466	3467	3400
1003	1024	1025	3467	3468	3469
1003	1025	1004	3469	3470	3403
1004	1025	120	3470	3471	3472
1004	120	119	3472	159	3406
41	42	1026	81	3473	3474
41	1026	1005	3474	3475	3408
1005	1026	1027	3475	3476	3477
1005	1027	1006	3477	3478	3411
1006	1027	1028	3478	3479	3480
1006	1028	1007	3480	3481	3414
1007	1028	1029	3481	3482	3483
1007	1029	1008	3483	3484	3417
1008	1029	1030	3484	3485	3486
1008	1030	1009	3486	3487	3420
1009	1030	1031	3487	3488	3489
1009	1031	1010	3489	3490	3423
1010	1031	1032	3490	3491	3492
1010	1032	1011	3492	3493	3426
1011	1032	1033	3493	3494	3495
1011	1033	1012	3495	3496	3429
1012	1033	1034	3496	3497	3498
1012	1034	1013	3498	3499	3432
1013	1034	1035	3499	3500	3501
1013	1035	1014	3501	3502	3435
1014	1035	1036	3502	3503	3504
1014	1036	1015	3504	3505	3438
1015	1036	1037	3505	3506	3507
1015	1037	1016	3507	3508	3441
1016	1037	1038	3508	3509	3510
1016	1038	1017	3510	3511	3444
1017	1038	1039	3511	3512	3513
1017	1039	1018	3513	3514	3447
1018	1039	1040	3514	3515	3516
1018	1040	1019	3516	3517	3450
1019	1040	1041	3517	3518	3519
1019	1041	1020	3519	3520	3453
1020	1041	1042	3520	3521	3522
1020	1042	1021	3522	3523	3456
1021	1042	1043	3523	3524	3525
1021	1043	1022	3525	3526	3459
1022	1043	1044	3526	3527	3528
1022	1044	1023	3528	3529	3462
1023	1044	1045	3529	3530	3531
1023	1045	1024	3531	3532	3465
1024	1045	1046	3532	3533	3534
1024	1046	1025	3534	3535	3468
1025	1046	121	3535	3536	3537
1025	121	120	3537	160	3471
42	43	1047	82	3538	3539
42	1047	1026	3539	3540	3473
1026	1047	1048	3540	3541	3542
1026	1048	1027	3542	3543	3476
1027	1048	1049	3543	3544	3545
1027	1049	1028	3545	3546	3479
1028	1049	1050	3546	3547	3548
1028	1050	1029	3548	3549	3482
1029	1050	1051	3549	3550	3551
1029	1051	1030	3551	3552	3485
1030	1051	1052	3552	3553	3554
1030	1052	1031	3554	3555	3488
1031	1052	1053	3555	3556	3557
1031	1053	1032	3557	3558	3491
1032	1053	1054	3558	3559	3560
1032	1054	1033	3560	3561	3494
1033	1054	1055	3561	3562	3563
1033	1055	1034	3563	3564	3497
1034	1055	1056	3564	3565	3566
1034	1056	1035	3566	3567	3500
1035	1056	1057	3567	3568	3569
1035	1057	1036	3569	3570	3503
1036	1057	1058	3570	3571	3572
1036	1058	1037	3572	3573	3506
1037	1058	1059	3573	3574	3575
1037	1059	1038	3575	3576	3509
1038	1059	1060	3576	3577	3578
1038	1060	1039	3578	3579	3512
1039	1060	1061	3579	3580	3581
1039	1061	1040	3581	3582	3515
1040	1061	1062	3582	3583	3584
1040	1062	1041	3584	3585	3518
1041	1062	1063	3585	3586	3587
1041	1063	1042	3587	3588	3521
1042	1063	1064	3588	3589	3590
1042	1064	1043	3590	3591	3524
1043	1064	1065	3591	3592	3593
1043	1065	1044	3593	3594	3527
1044	1065	1066	3594	3595	3596
1044	1066	1045	3596	3597	3530
1045	1066	1067	3597	3598	3599
1045	1067	1046	3599	3600	3533
1046	1067	122	3600	3601	3602
1046	122	121	3602	161	3536
43	2	206	83	227	3603
43	206	1047	3603	3604	3538
1047	206	207	3604	228	3605
1047	207	1048	3605	3606	3541
1048	207	208	3606	229	3607
1048	208	1049	3607	3608	3544
1049	208	209	3608	230	3609
1049	209	1050	3609	3610	3547
1050	209	210	3610	231	3611
1050	210	1051	3611	3612	3550
1051	210	211	3612	232	3613
1051	211	1052	3613	3614	3553
1052	211	212	3614	233	3615
1052	212	1053	3615	3616	3556
1053	212	213	3616	234	3617
1053	213	1054	3617	3618	3559
1054	213	214	3618	235	3619
1054	214	1055	3619	3620	3562
1055	214	215	3620	236	3621
1055	215	1056	3621	3622	3565
1056	215	216	3622	237	3623
1056	216	1057	3623	3624	3568
1057	216	217	3624	238	3625
1057	217	1058	3625	3626	3571
1058	217	218	3626	239	3627
1058	218	1059	3627	3628	3574
1059	218	219	3628	240	3629
1059	219	1060	3629	3630	3577
1060	219	220	3630	241	3631
1060	220	1061	3631	3632	3580
1061	220	221	3632	242	3633
1061	221	1062	3633	3634	3583
1062	221	222	3634	243	3635
1062	222	1063	3635	3636	3586
1063	222	223	3636	244	3637
1063	223	1064	3637	3638	3589
1064	223	224	3638	245	3639
1064	224	1065	3639	3640	3592
1065	224	225	3640	246	3641
1065	225	1066	3641	3642	3595
1066	225	226	3642	247	3643
1066	226	1067	3643	3644	3598
1067	226	4	3644	248	3645
1067	4	122	3645	162	3601

--------------------------------------------------------------------------------
NUMBER OF BOUNDARY TYPES        TOTAL NUMBER OF ELEMENTS
--------------------------------------------------------------------------------
3                               124

--------------------------------------------------------------------------------
BOUNDARY 1        CONSTRAINS (0-free 1-const 2-glue)  VALUES (default = 0.)
NUMB. OF ELEM.    Ux     Uy     Uz                    Ux     Uy     Uz  
--------------------------------------------------------------------------------
22                1      1      0                     1.     0.     0.

--------------------------------------------------------------------------------
BOUNDARY 1 - CONNECTIVITY
--------------------------------------------------------------------------------
1	163	184
163	164	185
164	165	186
165	166	187
166	167	188
167	168	189
168	169	190
169	170	191
170	171	192
171	172	193
172	173	194
173	174	195
174	175	196
175	176	197
176	177	198
177	178	199
178	179	200
179	180	201
180	181	202
181	182	203
182	183	204
183	3	205

--------------------------------------------------------------------------------
BOUNDARY 2        CONSTRAINS (0-free 1-const 2-glue)  VALUES (default = 0.)
NUMB. OF ELEM.    Ux     Uy     Uz                    Ux     Uy     Uz  
--------------------------------------------------------------------------------
80                0      1      0                     0.     0.     0.

--------------------------------------------------------------------------------
BOUNDARY 2 - CONNECTIVITY
--------------------------------------------------------------------------------
1	5	44
5	6	45
6	7	46
7	8	47
8	9	48
9	10	49
10	11	50
11	12	51
12	13	52
13	14	53
14	15	54
15	16	55
16	17	56
17	18	57
18	19	58
19	20	59
20	21	60
21	22	61
22	23	62
23	24	63
24	25	64
25	26	65
26	27	66
27	28	67
28	29	68
29	30	69
30	31	70
31	32	71
32	33	72
33	34	73
34	35	74
35	36	75
36	37	76
37	38	77
38	39	78
39	40	79
40	41	80
41	42	81
42	43	82
43	2	83
3	84	123
84	85	124
85	86	125
86	87	126
87	88	127
88	89	128
89	90	129
90	91	130
91	92	131
92	93	132
93	94	133
94	95	134
95	96	135
96	97	136
97	98	137
98	99	138
99	100	139
100	101	140
101	102	141
102	103	142
103	104	143
104	105	144
105	106	145
106	107	146
107	108	147
108	109	148
109	110	149
110	111	150
111	112	151
112	113	152
113	114	153
114	115	154
115	116	155
116	117	156
117	118	157
118	119	158
119	120	159
120	121	160
121	122	161
122	4	162

--------------------------------------------------------------------------------
BOUNDARY 1        CONSTRAINS (0-free 1-const 2-glue)  VALUES (default = 0.)
NUMB. OF ELEM.    Ux     Uy     Uz                    Ux     Uy     Uz  
--------------------------------------------------------------------------------
22                0      0      0                     0.     0.     0.

--------------------------------------------------------------------------------
BOUNDARY 1 - CONNECTIVITY
--------------------------------------------------------------------------------
2	206	227
206	207	228
207	208	229
208	209	230
209	210	231
210	211	232
211	212	233
212	213	234
213	214	235
214	215	236
215	216	237
216	217	238
217	218	239
218	219	240
219	220	241
220	221	242
221	222	243
222	223	244
223	224	245
224	225	246
225	226	247
226	4	248


