--------------------------------------------------------------------------------
ELEMENTS        NODES        TIME STEPS     PRINTING FREQ
--------------------------------------------------------------------------------
1024            2145          100000         1

--------------------------------------------------------------------------------
UNDISTURBED VELOCITY AND PRESSURE
Ux      Uy      Uz      P
--------------------------------------------------------------------------------
1.0     0.0     0.0     0.0

--------------------------------------------------------------------------------
DENSITY      TEMPERATURE      VISCOSITY      THERMAL CONDITIVITY
--------------------------------------------------------------------------------
1.E0         300              1.e-1          0.0

--------------------------------------------------------------------------------
TIME STEP       TIME INTEGRATION SCHEME (1- Implicit Euler, 2- Adams-Bashforth)
--------------------------------------------------------------------------------
0.10            1

--------------------------------------------------------------------------------
EXTERNAL FIELD FORCES CONSTANTS
Gx       Gy       Gz
--------------------------------------------------------------------------------
0.0      0.0      0.0

--------------------------------------------------------------------------------
NODAL COORDINATES
--------------------------------------------------------------------------------
0	0
16	0
0	8
16	8
0.5	0
1	0
1.5	0
2	0
2.5	0
3	0
3.5	0
4	0
4.5	0
5	0
5.5	0
6	0
6.5	0
7	0
7.5	0
8	0
8.5	0
9	0
9.5	0
10	0
10.5	0
11	0
11.5	0
12	0
12.5	0
13	0
13.5	0
14	0
14.5	0
15	0
15.5	0
0.25	0
0.75	0
1.25	0
1.75	0
2.25	0
2.75	0
3.25	0
3.75	0
4.25	0
4.75	0
5.25	0
5.75	0
6.25	0
6.75	0
7.25	0
7.75	0
8.25	0
8.75	0
9.25	0
9.75	0
10.25	0
10.75	0
11.25	0
11.75	0
12.25	0
12.75	0
13.25	0
13.75	0
14.25	0
14.75	0
15.25	0
15.75	0
0.5	8
1	8
1.5	8
2	8
2.5	8
3	8
3.5	8
4	8
4.5	8
5	8
5.5	8
6	8
6.5	8
7	8
7.5	8
8	8
8.5	8
9	8
9.5	8
10	8
10.5	8
11	8
11.5	8
12	8
12.5	8
13	8
13.5	8
14	8
14.5	8
15	8
15.5	8
0.25	8
0.75	8
1.25	8
1.75	8
2.25	8
2.75	8
3.25	8
3.75	8
4.25	8
4.75	8
5.25	8
5.75	8
6.25	8
6.75	8
7.25	8
7.75	8
8.25	8
8.75	8
9.25	8
9.75	8
10.25	8
10.75	8
11.25	8
11.75	8
12.25	8
12.75	8
13.25	8
13.75	8
14.25	8
14.75	8
15.25	8
15.75	8
0	0.5
0	1
0	1.5
0	2
0	2.5
0	3
0	3.5
0	4
0	4.5
0	5
0	5.5
0	6
0	6.5
0	7
0	7.5
0	0.25
0	0.75
0	1.25
0	1.75
0	2.25
0	2.75
0	3.25
0	3.75
0	4.25
0	4.75
0	5.25
0	5.75
0	6.25
0	6.75
0	7.25
0	7.75
16	0.5
16	1
16	1.5
16	2
16	2.5
16	3
16	3.5
16	4
16	4.5
16	5
16	5.5
16	6
16	6.5
16	7
16	7.5
16	0.25
16	0.75
16	1.25
16	1.75
16	2.25
16	2.75
16	3.25
16	3.75
16	4.25
16	4.75
16	5.25
16	5.75
16	6.25
16	6.75
16	7.25
16	7.75
0.5	0.5
0.5	1
0.5	1.5
0.5	2
0.5	2.5
0.5	3
0.5	3.5
0.5	4
0.5	4.5
0.5	5
0.5	5.5
0.5	6
0.5	6.5
0.5	7
0.5	7.5
1	0.5
1	1
1	1.5
1	2
1	2.5
1	3
1	3.5
1	4
1	4.5
1	5
1	5.5
1	6
1	6.5
1	7
1	7.5
1.5	0.5
1.5	1
1.5	1.5
1.5	2
1.5	2.5
1.5	3
1.5	3.5
1.5	4
1.5	4.5
1.5	5
1.5	5.5
1.5	6
1.5	6.5
1.5	7
1.5	7.5
2	0.5
2	1
2	1.5
2	2
2	2.5
2	3
2	3.5
2	4
2	4.5
2	5
2	5.5
2	6
2	6.5
2	7
2	7.5
2.5	0.5
2.5	1
2.5	1.5
2.5	2
2.5	2.5
2.5	3
2.5	3.5
2.5	4
2.5	4.5
2.5	5
2.5	5.5
2.5	6
2.5	6.5
2.5	7
2.5	7.5
3	0.5
3	1
3	1.5
3	2
3	2.5
3	3
3	3.5
3	4
3	4.5
3	5
3	5.5
3	6
3	6.5
3	7
3	7.5
3.5	0.5
3.5	1
3.5	1.5
3.5	2
3.5	2.5
3.5	3
3.5	3.5
3.5	4
3.5	4.5
3.5	5
3.5	5.5
3.5	6
3.5	6.5
3.5	7
3.5	7.5
4	0.5
4	1
4	1.5
4	2
4	2.5
4	3
4	3.5
4	4
4	4.5
4	5
4	5.5
4	6
4	6.5
4	7
4	7.5
4.5	0.5
4.5	1
4.5	1.5
4.5	2
4.5	2.5
4.5	3
4.5	3.5
4.5	4
4.5	4.5
4.5	5
4.5	5.5
4.5	6
4.5	6.5
4.5	7
4.5	7.5
5	0.5
5	1
5	1.5
5	2
5	2.5
5	3
5	3.5
5	4
5	4.5
5	5
5	5.5
5	6
5	6.5
5	7
5	7.5
5.5	0.5
5.5	1
5.5	1.5
5.5	2
5.5	2.5
5.5	3
5.5	3.5
5.5	4
5.5	4.5
5.5	5
5.5	5.5
5.5	6
5.5	6.5
5.5	7
5.5	7.5
6	0.5
6	1
6	1.5
6	2
6	2.5
6	3
6	3.5
6	4
6	4.5
6	5
6	5.5
6	6
6	6.5
6	7
6	7.5
6.5	0.5
6.5	1
6.5	1.5
6.5	2
6.5	2.5
6.5	3
6.5	3.5
6.5	4
6.5	4.5
6.5	5
6.5	5.5
6.5	6
6.5	6.5
6.5	7
6.5	7.5
7	0.5
7	1
7	1.5
7	2
7	2.5
7	3
7	3.5
7	4
7	4.5
7	5
7	5.5
7	6
7	6.5
7	7
7	7.5
7.5	0.5
7.5	1
7.5	1.5
7.5	2
7.5	2.5
7.5	3
7.5	3.5
7.5	4
7.5	4.5
7.5	5
7.5	5.5
7.5	6
7.5	6.5
7.5	7
7.5	7.5
8	0.5
8	1
8	1.5
8	2
8	2.5
8	3
8	3.5
8	4
8	4.5
8	5
8	5.5
8	6
8	6.5
8	7
8	7.5
8.5	0.5
8.5	1
8.5	1.5
8.5	2
8.5	2.5
8.5	3
8.5	3.5
8.5	4
8.5	4.5
8.5	5
8.5	5.5
8.5	6
8.5	6.5
8.5	7
8.5	7.5
9	0.5
9	1
9	1.5
9	2
9	2.5
9	3
9	3.5
9	4
9	4.5
9	5
9	5.5
9	6
9	6.5
9	7
9	7.5
9.5	0.5
9.5	1
9.5	1.5
9.5	2
9.5	2.5
9.5	3
9.5	3.5
9.5	4
9.5	4.5
9.5	5
9.5	5.5
9.5	6
9.5	6.5
9.5	7
9.5	7.5
10	0.5
10	1
10	1.5
10	2
10	2.5
10	3
10	3.5
10	4
10	4.5
10	5
10	5.5
10	6
10	6.5
10	7
10	7.5
10.5	0.5
10.5	1
10.5	1.5
10.5	2
10.5	2.5
10.5	3
10.5	3.5
10.5	4
10.5	4.5
10.5	5
10.5	5.5
10.5	6
10.5	6.5
10.5	7
10.5	7.5
11	0.5
11	1
11	1.5
11	2
11	2.5
11	3
11	3.5
11	4
11	4.5
11	5
11	5.5
11	6
11	6.5
11	7
11	7.5
11.5	0.5
11.5	1
11.5	1.5
11.5	2
11.5	2.5
11.5	3
11.5	3.5
11.5	4
11.5	4.5
11.5	5
11.5	5.5
11.5	6
11.5	6.5
11.5	7
11.5	7.5
12	0.5
12	1
12	1.5
12	2
12	2.5
12	3
12	3.5
12	4
12	4.5
12	5
12	5.5
12	6
12	6.5
12	7
12	7.5
12.5	0.5
12.5	1
12.5	1.5
12.5	2
12.5	2.5
12.5	3
12.5	3.5
12.5	4
12.5	4.5
12.5	5
12.5	5.5
12.5	6
12.5	6.5
12.5	7
12.5	7.5
13	0.5
13	1
13	1.5
13	2
13	2.5
13	3
13	3.5
13	4
13	4.5
13	5
13	5.5
13	6
13	6.5
13	7
13	7.5
13.5	0.5
13.5	1
13.5	1.5
13.5	2
13.5	2.5
13.5	3
13.5	3.5
13.5	4
13.5	4.5
13.5	5
13.5	5.5
13.5	6
13.5	6.5
13.5	7
13.5	7.5
14	0.5
14	1
14	1.5
14	2
14	2.5
14	3
14	3.5
14	4
14	4.5
14	5
14	5.5
14	6
14	6.5
14	7
14	7.5
14.5	0.5
14.5	1
14.5	1.5
14.5	2
14.5	2.5
14.5	3
14.5	3.5
14.5	4
14.5	4.5
14.5	5
14.5	5.5
14.5	6
14.5	6.5
14.5	7
14.5	7.5
15	0.5
15	1
15	1.5
15	2
15	2.5
15	3
15	3.5
15	4
15	4.5
15	5
15	5.5
15	6
15	6.5
15	7
15	7.5
15.5	0.5
15.5	1
15.5	1.5
15.5	2
15.5	2.5
15.5	3
15.5	3.5
15.5	4
15.5	4.5
15.5	5
15.5	5.5
15.5	6
15.5	6.5
15.5	7
15.5	7.5
0.5	0.25
0.25	0.25
0.25	0.5
0.5	0.75
0.25	0.75
0.25	1
0.5	1.25
0.25	1.25
0.25	1.5
0.5	1.75
0.25	1.75
0.25	2
0.5	2.25
0.25	2.25
0.25	2.5
0.5	2.75
0.25	2.75
0.25	3
0.5	3.25
0.25	3.25
0.25	3.5
0.5	3.75
0.25	3.75
0.25	4
0.5	4.25
0.25	4.25
0.25	4.5
0.5	4.75
0.25	4.75
0.25	5
0.5	5.25
0.25	5.25
0.25	5.5
0.5	5.75
0.25	5.75
0.25	6
0.5	6.25
0.25	6.25
0.25	6.5
0.5	6.75
0.25	6.75
0.25	7
0.5	7.25
0.25	7.25
0.25	7.5
0.5	7.75
0.25	7.75
1	0.25
0.75	0.25
0.75	0.5
1	0.75
0.75	0.75
0.75	1
1	1.25
0.75	1.25
0.75	1.5
1	1.75
0.75	1.75
0.75	2
1	2.25
0.75	2.25
0.75	2.5
1	2.75
0.75	2.75
0.75	3
1	3.25
0.75	3.25
0.75	3.5
1	3.75
0.75	3.75
0.75	4
1	4.25
0.75	4.25
0.75	4.5
1	4.75
0.75	4.75
0.75	5
1	5.25
0.75	5.25
0.75	5.5
1	5.75
0.75	5.75
0.75	6
1	6.25
0.75	6.25
0.75	6.5
1	6.75
0.75	6.75
0.75	7
1	7.25
0.75	7.25
0.75	7.5
1	7.75
0.75	7.75
1.5	0.25
1.25	0.25
1.25	0.5
1.5	0.75
1.25	0.75
1.25	1
1.5	1.25
1.25	1.25
1.25	1.5
1.5	1.75
1.25	1.75
1.25	2
1.5	2.25
1.25	2.25
1.25	2.5
1.5	2.75
1.25	2.75
1.25	3
1.5	3.25
1.25	3.25
1.25	3.5
1.5	3.75
1.25	3.75
1.25	4
1.5	4.25
1.25	4.25
1.25	4.5
1.5	4.75
1.25	4.75
1.25	5
1.5	5.25
1.25	5.25
1.25	5.5
1.5	5.75
1.25	5.75
1.25	6
1.5	6.25
1.25	6.25
1.25	6.5
1.5	6.75
1.25	6.75
1.25	7
1.5	7.25
1.25	7.25
1.25	7.5
1.5	7.75
1.25	7.75
2	0.25
1.75	0.25
1.75	0.5
2	0.75
1.75	0.75
1.75	1
2	1.25
1.75	1.25
1.75	1.5
2	1.75
1.75	1.75
1.75	2
2	2.25
1.75	2.25
1.75	2.5
2	2.75
1.75	2.75
1.75	3
2	3.25
1.75	3.25
1.75	3.5
2	3.75
1.75	3.75
1.75	4
2	4.25
1.75	4.25
1.75	4.5
2	4.75
1.75	4.75
1.75	5
2	5.25
1.75	5.25
1.75	5.5
2	5.75
1.75	5.75
1.75	6
2	6.25
1.75	6.25
1.75	6.5
2	6.75
1.75	6.75
1.75	7
2	7.25
1.75	7.25
1.75	7.5
2	7.75
1.75	7.75
2.5	0.25
2.25	0.25
2.25	0.5
2.5	0.75
2.25	0.75
2.25	1
2.5	1.25
2.25	1.25
2.25	1.5
2.5	1.75
2.25	1.75
2.25	2
2.5	2.25
2.25	2.25
2.25	2.5
2.5	2.75
2.25	2.75
2.25	3
2.5	3.25
2.25	3.25
2.25	3.5
2.5	3.75
2.25	3.75
2.25	4
2.5	4.25
2.25	4.25
2.25	4.5
2.5	4.75
2.25	4.75
2.25	5
2.5	5.25
2.25	5.25
2.25	5.5
2.5	5.75
2.25	5.75
2.25	6
2.5	6.25
2.25	6.25
2.25	6.5
2.5	6.75
2.25	6.75
2.25	7
2.5	7.25
2.25	7.25
2.25	7.5
2.5	7.75
2.25	7.75
3	0.25
2.75	0.25
2.75	0.5
3	0.75
2.75	0.75
2.75	1
3	1.25
2.75	1.25
2.75	1.5
3	1.75
2.75	1.75
2.75	2
3	2.25
2.75	2.25
2.75	2.5
3	2.75
2.75	2.75
2.75	3
3	3.25
2.75	3.25
2.75	3.5
3	3.75
2.75	3.75
2.75	4
3	4.25
2.75	4.25
2.75	4.5
3	4.75
2.75	4.75
2.75	5
3	5.25
2.75	5.25
2.75	5.5
3	5.75
2.75	5.75
2.75	6
3	6.25
2.75	6.25
2.75	6.5
3	6.75
2.75	6.75
2.75	7
3	7.25
2.75	7.25
2.75	7.5
3	7.75
2.75	7.75
3.5	0.25
3.25	0.25
3.25	0.5
3.5	0.75
3.25	0.75
3.25	1
3.5	1.25
3.25	1.25
3.25	1.5
3.5	1.75
3.25	1.75
3.25	2
3.5	2.25
3.25	2.25
3.25	2.5
3.5	2.75
3.25	2.75
3.25	3
3.5	3.25
3.25	3.25
3.25	3.5
3.5	3.75
3.25	3.75
3.25	4
3.5	4.25
3.25	4.25
3.25	4.5
3.5	4.75
3.25	4.75
3.25	5
3.5	5.25
3.25	5.25
3.25	5.5
3.5	5.75
3.25	5.75
3.25	6
3.5	6.25
3.25	6.25
3.25	6.5
3.5	6.75
3.25	6.75
3.25	7
3.5	7.25
3.25	7.25
3.25	7.5
3.5	7.75
3.25	7.75
4	0.25
3.75	0.25
3.75	0.5
4	0.75
3.75	0.75
3.75	1
4	1.25
3.75	1.25
3.75	1.5
4	1.75
3.75	1.75
3.75	2
4	2.25
3.75	2.25
3.75	2.5
4	2.75
3.75	2.75
3.75	3
4	3.25
3.75	3.25
3.75	3.5
4	3.75
3.75	3.75
3.75	4
4	4.25
3.75	4.25
3.75	4.5
4	4.75
3.75	4.75
3.75	5
4	5.25
3.75	5.25
3.75	5.5
4	5.75
3.75	5.75
3.75	6
4	6.25
3.75	6.25
3.75	6.5
4	6.75
3.75	6.75
3.75	7
4	7.25
3.75	7.25
3.75	7.5
4	7.75
3.75	7.75
4.5	0.25
4.25	0.25
4.25	0.5
4.5	0.75
4.25	0.75
4.25	1
4.5	1.25
4.25	1.25
4.25	1.5
4.5	1.75
4.25	1.75
4.25	2
4.5	2.25
4.25	2.25
4.25	2.5
4.5	2.75
4.25	2.75
4.25	3
4.5	3.25
4.25	3.25
4.25	3.5
4.5	3.75
4.25	3.75
4.25	4
4.5	4.25
4.25	4.25
4.25	4.5
4.5	4.75
4.25	4.75
4.25	5
4.5	5.25
4.25	5.25
4.25	5.5
4.5	5.75
4.25	5.75
4.25	6
4.5	6.25
4.25	6.25
4.25	6.5
4.5	6.75
4.25	6.75
4.25	7
4.5	7.25
4.25	7.25
4.25	7.5
4.5	7.75
4.25	7.75
5	0.25
4.75	0.25
4.75	0.5
5	0.75
4.75	0.75
4.75	1
5	1.25
4.75	1.25
4.75	1.5
5	1.75
4.75	1.75
4.75	2
5	2.25
4.75	2.25
4.75	2.5
5	2.75
4.75	2.75
4.75	3
5	3.25
4.75	3.25
4.75	3.5
5	3.75
4.75	3.75
4.75	4
5	4.25
4.75	4.25
4.75	4.5
5	4.75
4.75	4.75
4.75	5
5	5.25
4.75	5.25
4.75	5.5
5	5.75
4.75	5.75
4.75	6
5	6.25
4.75	6.25
4.75	6.5
5	6.75
4.75	6.75
4.75	7
5	7.25
4.75	7.25
4.75	7.5
5	7.75
4.75	7.75
5.5	0.25
5.25	0.25
5.25	0.5
5.5	0.75
5.25	0.75
5.25	1
5.5	1.25
5.25	1.25
5.25	1.5
5.5	1.75
5.25	1.75
5.25	2
5.5	2.25
5.25	2.25
5.25	2.5
5.5	2.75
5.25	2.75
5.25	3
5.5	3.25
5.25	3.25
5.25	3.5
5.5	3.75
5.25	3.75
5.25	4
5.5	4.25
5.25	4.25
5.25	4.5
5.5	4.75
5.25	4.75
5.25	5
5.5	5.25
5.25	5.25
5.25	5.5
5.5	5.75
5.25	5.75
5.25	6
5.5	6.25
5.25	6.25
5.25	6.5
5.5	6.75
5.25	6.75
5.25	7
5.5	7.25
5.25	7.25
5.25	7.5
5.5	7.75
5.25	7.75
6	0.25
5.75	0.25
5.75	0.5
6	0.75
5.75	0.75
5.75	1
6	1.25
5.75	1.25
5.75	1.5
6	1.75
5.75	1.75
5.75	2
6	2.25
5.75	2.25
5.75	2.5
6	2.75
5.75	2.75
5.75	3
6	3.25
5.75	3.25
5.75	3.5
6	3.75
5.75	3.75
5.75	4
6	4.25
5.75	4.25
5.75	4.5
6	4.75
5.75	4.75
5.75	5
6	5.25
5.75	5.25
5.75	5.5
6	5.75
5.75	5.75
5.75	6
6	6.25
5.75	6.25
5.75	6.5
6	6.75
5.75	6.75
5.75	7
6	7.25
5.75	7.25
5.75	7.5
6	7.75
5.75	7.75
6.5	0.25
6.25	0.25
6.25	0.5
6.5	0.75
6.25	0.75
6.25	1
6.5	1.25
6.25	1.25
6.25	1.5
6.5	1.75
6.25	1.75
6.25	2
6.5	2.25
6.25	2.25
6.25	2.5
6.5	2.75
6.25	2.75
6.25	3
6.5	3.25
6.25	3.25
6.25	3.5
6.5	3.75
6.25	3.75
6.25	4
6.5	4.25
6.25	4.25
6.25	4.5
6.5	4.75
6.25	4.75
6.25	5
6.5	5.25
6.25	5.25
6.25	5.5
6.5	5.75
6.25	5.75
6.25	6
6.5	6.25
6.25	6.25
6.25	6.5
6.5	6.75
6.25	6.75
6.25	7
6.5	7.25
6.25	7.25
6.25	7.5
6.5	7.75
6.25	7.75
7	0.25
6.75	0.25
6.75	0.5
7	0.75
6.75	0.75
6.75	1
7	1.25
6.75	1.25
6.75	1.5
7	1.75
6.75	1.75
6.75	2
7	2.25
6.75	2.25
6.75	2.5
7	2.75
6.75	2.75
6.75	3
7	3.25
6.75	3.25
6.75	3.5
7	3.75
6.75	3.75
6.75	4
7	4.25
6.75	4.25
6.75	4.5
7	4.75
6.75	4.75
6.75	5
7	5.25
6.75	5.25
6.75	5.5
7	5.75
6.75	5.75
6.75	6
7	6.25
6.75	6.25
6.75	6.5
7	6.75
6.75	6.75
6.75	7
7	7.25
6.75	7.25
6.75	7.5
7	7.75
6.75	7.75
7.5	0.25
7.25	0.25
7.25	0.5
7.5	0.75
7.25	0.75
7.25	1
7.5	1.25
7.25	1.25
7.25	1.5
7.5	1.75
7.25	1.75
7.25	2
7.5	2.25
7.25	2.25
7.25	2.5
7.5	2.75
7.25	2.75
7.25	3
7.5	3.25
7.25	3.25
7.25	3.5
7.5	3.75
7.25	3.75
7.25	4
7.5	4.25
7.25	4.25
7.25	4.5
7.5	4.75
7.25	4.75
7.25	5
7.5	5.25
7.25	5.25
7.25	5.5
7.5	5.75
7.25	5.75
7.25	6
7.5	6.25
7.25	6.25
7.25	6.5
7.5	6.75
7.25	6.75
7.25	7
7.5	7.25
7.25	7.25
7.25	7.5
7.5	7.75
7.25	7.75
8	0.25
7.75	0.25
7.75	0.5
8	0.75
7.75	0.75
7.75	1
8	1.25
7.75	1.25
7.75	1.5
8	1.75
7.75	1.75
7.75	2
8	2.25
7.75	2.25
7.75	2.5
8	2.75
7.75	2.75
7.75	3
8	3.25
7.75	3.25
7.75	3.5
8	3.75
7.75	3.75
7.75	4
8	4.25
7.75	4.25
7.75	4.5
8	4.75
7.75	4.75
7.75	5
8	5.25
7.75	5.25
7.75	5.5
8	5.75
7.75	5.75
7.75	6
8	6.25
7.75	6.25
7.75	6.5
8	6.75
7.75	6.75
7.75	7
8	7.25
7.75	7.25
7.75	7.5
8	7.75
7.75	7.75
8.5	0.25
8.25	0.25
8.25	0.5
8.5	0.75
8.25	0.75
8.25	1
8.5	1.25
8.25	1.25
8.25	1.5
8.5	1.75
8.25	1.75
8.25	2
8.5	2.25
8.25	2.25
8.25	2.5
8.5	2.75
8.25	2.75
8.25	3
8.5	3.25
8.25	3.25
8.25	3.5
8.5	3.75
8.25	3.75
8.25	4
8.5	4.25
8.25	4.25
8.25	4.5
8.5	4.75
8.25	4.75
8.25	5
8.5	5.25
8.25	5.25
8.25	5.5
8.5	5.75
8.25	5.75
8.25	6
8.5	6.25
8.25	6.25
8.25	6.5
8.5	6.75
8.25	6.75
8.25	7
8.5	7.25
8.25	7.25
8.25	7.5
8.5	7.75
8.25	7.75
9	0.25
8.75	0.25
8.75	0.5
9	0.75
8.75	0.75
8.75	1
9	1.25
8.75	1.25
8.75	1.5
9	1.75
8.75	1.75
8.75	2
9	2.25
8.75	2.25
8.75	2.5
9	2.75
8.75	2.75
8.75	3
9	3.25
8.75	3.25
8.75	3.5
9	3.75
8.75	3.75
8.75	4
9	4.25
8.75	4.25
8.75	4.5
9	4.75
8.75	4.75
8.75	5
9	5.25
8.75	5.25
8.75	5.5
9	5.75
8.75	5.75
8.75	6
9	6.25
8.75	6.25
8.75	6.5
9	6.75
8.75	6.75
8.75	7
9	7.25
8.75	7.25
8.75	7.5
9	7.75
8.75	7.75
9.5	0.25
9.25	0.25
9.25	0.5
9.5	0.75
9.25	0.75
9.25	1
9.5	1.25
9.25	1.25
9.25	1.5
9.5	1.75
9.25	1.75
9.25	2
9.5	2.25
9.25	2.25
9.25	2.5
9.5	2.75
9.25	2.75
9.25	3
9.5	3.25
9.25	3.25
9.25	3.5
9.5	3.75
9.25	3.75
9.25	4
9.5	4.25
9.25	4.25
9.25	4.5
9.5	4.75
9.25	4.75
9.25	5
9.5	5.25
9.25	5.25
9.25	5.5
9.5	5.75
9.25	5.75
9.25	6
9.5	6.25
9.25	6.25
9.25	6.5
9.5	6.75
9.25	6.75
9.25	7
9.5	7.25
9.25	7.25
9.25	7.5
9.5	7.75
9.25	7.75
10	0.25
9.75	0.25
9.75	0.5
10	0.75
9.75	0.75
9.75	1
10	1.25
9.75	1.25
9.75	1.5
10	1.75
9.75	1.75
9.75	2
10	2.25
9.75	2.25
9.75	2.5
10	2.75
9.75	2.75
9.75	3
10	3.25
9.75	3.25
9.75	3.5
10	3.75
9.75	3.75
9.75	4
10	4.25
9.75	4.25
9.75	4.5
10	4.75
9.75	4.75
9.75	5
10	5.25
9.75	5.25
9.75	5.5
10	5.75
9.75	5.75
9.75	6
10	6.25
9.75	6.25
9.75	6.5
10	6.75
9.75	6.75
9.75	7
10	7.25
9.75	7.25
9.75	7.5
10	7.75
9.75	7.75
10.5	0.25
10.25	0.25
10.25	0.5
10.5	0.75
10.25	0.75
10.25	1
10.5	1.25
10.25	1.25
10.25	1.5
10.5	1.75
10.25	1.75
10.25	2
10.5	2.25
10.25	2.25
10.25	2.5
10.5	2.75
10.25	2.75
10.25	3
10.5	3.25
10.25	3.25
10.25	3.5
10.5	3.75
10.25	3.75
10.25	4
10.5	4.25
10.25	4.25
10.25	4.5
10.5	4.75
10.25	4.75
10.25	5
10.5	5.25
10.25	5.25
10.25	5.5
10.5	5.75
10.25	5.75
10.25	6
10.5	6.25
10.25	6.25
10.25	6.5
10.5	6.75
10.25	6.75
10.25	7
10.5	7.25
10.25	7.25
10.25	7.5
10.5	7.75
10.25	7.75
11	0.25
10.75	0.25
10.75	0.5
11	0.75
10.75	0.75
10.75	1
11	1.25
10.75	1.25
10.75	1.5
11	1.75
10.75	1.75
10.75	2
11	2.25
10.75	2.25
10.75	2.5
11	2.75
10.75	2.75
10.75	3
11	3.25
10.75	3.25
10.75	3.5
11	3.75
10.75	3.75
10.75	4
11	4.25
10.75	4.25
10.75	4.5
11	4.75
10.75	4.75
10.75	5
11	5.25
10.75	5.25
10.75	5.5
11	5.75
10.75	5.75
10.75	6
11	6.25
10.75	6.25
10.75	6.5
11	6.75
10.75	6.75
10.75	7
11	7.25
10.75	7.25
10.75	7.5
11	7.75
10.75	7.75
11.5	0.25
11.25	0.25
11.25	0.5
11.5	0.75
11.25	0.75
11.25	1
11.5	1.25
11.25	1.25
11.25	1.5
11.5	1.75
11.25	1.75
11.25	2
11.5	2.25
11.25	2.25
11.25	2.5
11.5	2.75
11.25	2.75
11.25	3
11.5	3.25
11.25	3.25
11.25	3.5
11.5	3.75
11.25	3.75
11.25	4
11.5	4.25
11.25	4.25
11.25	4.5
11.5	4.75
11.25	4.75
11.25	5
11.5	5.25
11.25	5.25
11.25	5.5
11.5	5.75
11.25	5.75
11.25	6
11.5	6.25
11.25	6.25
11.25	6.5
11.5	6.75
11.25	6.75
11.25	7
11.5	7.25
11.25	7.25
11.25	7.5
11.5	7.75
11.25	7.75
12	0.25
11.75	0.25
11.75	0.5
12	0.75
11.75	0.75
11.75	1
12	1.25
11.75	1.25
11.75	1.5
12	1.75
11.75	1.75
11.75	2
12	2.25
11.75	2.25
11.75	2.5
12	2.75
11.75	2.75
11.75	3
12	3.25
11.75	3.25
11.75	3.5
12	3.75
11.75	3.75
11.75	4
12	4.25
11.75	4.25
11.75	4.5
12	4.75
11.75	4.75
11.75	5
12	5.25
11.75	5.25
11.75	5.5
12	5.75
11.75	5.75
11.75	6
12	6.25
11.75	6.25
11.75	6.5
12	6.75
11.75	6.75
11.75	7
12	7.25
11.75	7.25
11.75	7.5
12	7.75
11.75	7.75
12.5	0.25
12.25	0.25
12.25	0.5
12.5	0.75
12.25	0.75
12.25	1
12.5	1.25
12.25	1.25
12.25	1.5
12.5	1.75
12.25	1.75
12.25	2
12.5	2.25
12.25	2.25
12.25	2.5
12.5	2.75
12.25	2.75
12.25	3
12.5	3.25
12.25	3.25
12.25	3.5
12.5	3.75
12.25	3.75
12.25	4
12.5	4.25
12.25	4.25
12.25	4.5
12.5	4.75
12.25	4.75
12.25	5
12.5	5.25
12.25	5.25
12.25	5.5
12.5	5.75
12.25	5.75
12.25	6
12.5	6.25
12.25	6.25
12.25	6.5
12.5	6.75
12.25	6.75
12.25	7
12.5	7.25
12.25	7.25
12.25	7.5
12.5	7.75
12.25	7.75
13	0.25
12.75	0.25
12.75	0.5
13	0.75
12.75	0.75
12.75	1
13	1.25
12.75	1.25
12.75	1.5
13	1.75
12.75	1.75
12.75	2
13	2.25
12.75	2.25
12.75	2.5
13	2.75
12.75	2.75
12.75	3
13	3.25
12.75	3.25
12.75	3.5
13	3.75
12.75	3.75
12.75	4
13	4.25
12.75	4.25
12.75	4.5
13	4.75
12.75	4.75
12.75	5
13	5.25
12.75	5.25
12.75	5.5
13	5.75
12.75	5.75
12.75	6
13	6.25
12.75	6.25
12.75	6.5
13	6.75
12.75	6.75
12.75	7
13	7.25
12.75	7.25
12.75	7.5
13	7.75
12.75	7.75
13.5	0.25
13.25	0.25
13.25	0.5
13.5	0.75
13.25	0.75
13.25	1
13.5	1.25
13.25	1.25
13.25	1.5
13.5	1.75
13.25	1.75
13.25	2
13.5	2.25
13.25	2.25
13.25	2.5
13.5	2.75
13.25	2.75
13.25	3
13.5	3.25
13.25	3.25
13.25	3.5
13.5	3.75
13.25	3.75
13.25	4
13.5	4.25
13.25	4.25
13.25	4.5
13.5	4.75
13.25	4.75
13.25	5
13.5	5.25
13.25	5.25
13.25	5.5
13.5	5.75
13.25	5.75
13.25	6
13.5	6.25
13.25	6.25
13.25	6.5
13.5	6.75
13.25	6.75
13.25	7
13.5	7.25
13.25	7.25
13.25	7.5
13.5	7.75
13.25	7.75
14	0.25
13.75	0.25
13.75	0.5
14	0.75
13.75	0.75
13.75	1
14	1.25
13.75	1.25
13.75	1.5
14	1.75
13.75	1.75
13.75	2
14	2.25
13.75	2.25
13.75	2.5
14	2.75
13.75	2.75
13.75	3
14	3.25
13.75	3.25
13.75	3.5
14	3.75
13.75	3.75
13.75	4
14	4.25
13.75	4.25
13.75	4.5
14	4.75
13.75	4.75
13.75	5
14	5.25
13.75	5.25
13.75	5.5
14	5.75
13.75	5.75
13.75	6
14	6.25
13.75	6.25
13.75	6.5
14	6.75
13.75	6.75
13.75	7
14	7.25
13.75	7.25
13.75	7.5
14	7.75
13.75	7.75
14.5	0.25
14.25	0.25
14.25	0.5
14.5	0.75
14.25	0.75
14.25	1
14.5	1.25
14.25	1.25
14.25	1.5
14.5	1.75
14.25	1.75
14.25	2
14.5	2.25
14.25	2.25
14.25	2.5
14.5	2.75
14.25	2.75
14.25	3
14.5	3.25
14.25	3.25
14.25	3.5
14.5	3.75
14.25	3.75
14.25	4
14.5	4.25
14.25	4.25
14.25	4.5
14.5	4.75
14.25	4.75
14.25	5
14.5	5.25
14.25	5.25
14.25	5.5
14.5	5.75
14.25	5.75
14.25	6
14.5	6.25
14.25	6.25
14.25	6.5
14.5	6.75
14.25	6.75
14.25	7
14.5	7.25
14.25	7.25
14.25	7.5
14.5	7.75
14.25	7.75
15	0.25
14.75	0.25
14.75	0.5
15	0.75
14.75	0.75
14.75	1
15	1.25
14.75	1.25
14.75	1.5
15	1.75
14.75	1.75
14.75	2
15	2.25
14.75	2.25
14.75	2.5
15	2.75
14.75	2.75
14.75	3
15	3.25
14.75	3.25
14.75	3.5
15	3.75
14.75	3.75
14.75	4
15	4.25
14.75	4.25
14.75	4.5
15	4.75
14.75	4.75
14.75	5
15	5.25
14.75	5.25
14.75	5.5
15	5.75
14.75	5.75
14.75	6
15	6.25
14.75	6.25
14.75	6.5
15	6.75
14.75	6.75
14.75	7
15	7.25
14.75	7.25
14.75	7.5
15	7.75
14.75	7.75
15.5	0.25
15.25	0.25
15.25	0.5
15.5	0.75
15.25	0.75
15.25	1
15.5	1.25
15.25	1.25
15.25	1.5
15.5	1.75
15.25	1.75
15.25	2
15.5	2.25
15.25	2.25
15.25	2.5
15.5	2.75
15.25	2.75
15.25	3
15.5	3.25
15.25	3.25
15.25	3.5
15.5	3.75
15.25	3.75
15.25	4
15.5	4.25
15.25	4.25
15.25	4.5
15.5	4.75
15.25	4.75
15.25	5
15.5	5.25
15.25	5.25
15.25	5.5
15.5	5.75
15.25	5.75
15.25	6
15.5	6.25
15.25	6.25
15.25	6.5
15.5	6.75
15.25	6.75
15.25	7
15.5	7.25
15.25	7.25
15.25	7.5
15.5	7.75
15.25	7.75
15.75	0.25
15.75	0.5
15.75	0.75
15.75	1
15.75	1.25
15.75	1.5
15.75	1.75
15.75	2
15.75	2.25
15.75	2.5
15.75	2.75
15.75	3
15.75	3.25
15.75	3.5
15.75	3.75
15.75	4
15.75	4.25
15.75	4.5
15.75	4.75
15.75	5
15.75	5.25
15.75	5.5
15.75	5.75
15.75	6
15.75	6.25
15.75	6.5
15.75	6.75
15.75	7
15.75	7.25
15.75	7.5
15.75	7.75

--------------------------------------------------------------------------------
ELEMENT CONNECTIVITY
--------------------------------------------------------------------------------
1	5	193	36	658	659
1	193	131	659	660	146
131	193	194	660	661	662
131	194	132	662	663	147
132	194	195	663	664	665
132	195	133	665	666	148
133	195	196	666	667	668
133	196	134	668	669	149
134	196	197	669	670	671
134	197	135	671	672	150
135	197	198	672	673	674
135	198	136	674	675	151
136	198	199	675	676	677
136	199	137	677	678	152
137	199	200	678	679	680
137	200	138	680	681	153
138	200	201	681	682	683
138	201	139	683	684	154
139	201	202	684	685	686
139	202	140	686	687	155
140	202	203	687	688	689
140	203	141	689	690	156
141	203	204	690	691	692
141	204	142	692	693	157
142	204	205	693	694	695
142	205	143	695	696	158
143	205	206	696	697	698
143	206	144	698	699	159
144	206	207	699	700	701
144	207	145	701	702	160
145	207	68	702	703	704
145	68	3	704	99	161
5	6	208	37	705	706
5	208	193	706	707	658
193	208	209	707	708	709
193	209	194	709	710	661
194	209	210	710	711	712
194	210	195	712	713	664
195	210	211	713	714	715
195	211	196	715	716	667
196	211	212	716	717	718
196	212	197	718	719	670
197	212	213	719	720	721
197	213	198	721	722	673
198	213	214	722	723	724
198	214	199	724	725	676
199	214	215	725	726	727
199	215	200	727	728	679
200	215	216	728	729	730
200	216	201	730	731	682
201	216	217	731	732	733
201	217	202	733	734	685
202	217	218	734	735	736
202	218	203	736	737	688
203	218	219	737	738	739
203	219	204	739	740	691
204	219	220	740	741	742
204	220	205	742	743	694
205	220	221	743	744	745
205	221	206	745	746	697
206	221	222	746	747	748
206	222	207	748	749	700
207	222	69	749	750	751
207	69	68	751	100	703
6	7	223	38	752	753
6	223	208	753	754	705
208	223	224	754	755	756
208	224	209	756	757	708
209	224	225	757	758	759
209	225	210	759	760	711
210	225	226	760	761	762
210	226	211	762	763	714
211	226	227	763	764	765
211	227	212	765	766	717
212	227	228	766	767	768
212	228	213	768	769	720
213	228	229	769	770	771
213	229	214	771	772	723
214	229	230	772	773	774
214	230	215	774	775	726
215	230	231	775	776	777
215	231	216	777	778	729
216	231	232	778	779	780
216	232	217	780	781	732
217	232	233	781	782	783
217	233	218	783	784	735
218	233	234	784	785	786
218	234	219	786	787	738
219	234	235	787	788	789
219	235	220	789	790	741
220	235	236	790	791	792
220	236	221	792	793	744
221	236	237	793	794	795
221	237	222	795	796	747
222	237	70	796	797	798
222	70	69	798	101	750
7	8	238	39	799	800
7	238	223	800	801	752
223	238	239	801	802	803
223	239	224	803	804	755
224	239	240	804	805	806
224	240	225	806	807	758
225	240	241	807	808	809
225	241	226	809	810	761
226	241	242	810	811	812
226	242	227	812	813	764
227	242	243	813	814	815
227	243	228	815	816	767
228	243	244	816	817	818
228	244	229	818	819	770
229	244	245	819	820	821
229	245	230	821	822	773
230	245	246	822	823	824
230	246	231	824	825	776
231	246	247	825	826	827
231	247	232	827	828	779
232	247	248	828	829	830
232	248	233	830	831	782
233	248	249	831	832	833
233	249	234	833	834	785
234	249	250	834	835	836
234	250	235	836	837	788
235	250	251	837	838	839
235	251	236	839	840	791
236	251	252	840	841	842
236	252	237	842	843	794
237	252	71	843	844	845
237	71	70	845	102	797
8	9	253	40	846	847
8	253	238	847	848	799
238	253	254	848	849	850
238	254	239	850	851	802
239	254	255	851	852	853
239	255	240	853	854	805
240	255	256	854	855	856
240	256	241	856	857	808
241	256	257	857	858	859
241	257	242	859	860	811
242	257	258	860	861	862
242	258	243	862	863	814
243	258	259	863	864	865
243	259	244	865	866	817
244	259	260	866	867	868
244	260	245	868	869	820
245	260	261	869	870	871
245	261	246	871	872	823
246	261	262	872	873	874
246	262	247	874	875	826
247	262	263	875	876	877
247	263	248	877	878	829
248	263	264	878	879	880
248	264	249	880	881	832
249	264	265	881	882	883
249	265	250	883	884	835
250	265	266	884	885	886
250	266	251	886	887	838
251	266	267	887	888	889
251	267	252	889	890	841
252	267	72	890	891	892
252	72	71	892	103	844
9	10	268	41	893	894
9	268	253	894	895	846
253	268	269	895	896	897
253	269	254	897	898	849
254	269	270	898	899	900
254	270	255	900	901	852
255	270	271	901	902	903
255	271	256	903	904	855
256	271	272	904	905	906
256	272	257	906	907	858
257	272	273	907	908	909
257	273	258	909	910	861
258	273	274	910	911	912
258	274	259	912	913	864
259	274	275	913	914	915
259	275	260	915	916	867
260	275	276	916	917	918
260	276	261	918	919	870
261	276	277	919	920	921
261	277	262	921	922	873
262	277	278	922	923	924
262	278	263	924	925	876
263	278	279	925	926	927
263	279	264	927	928	879
264	279	280	928	929	930
264	280	265	930	931	882
265	280	281	931	932	933
265	281	266	933	934	885
266	281	282	934	935	936
266	282	267	936	937	888
267	282	73	937	938	939
267	73	72	939	104	891
10	11	283	42	940	941
10	283	268	941	942	893
268	283	284	942	943	944
268	284	269	944	945	896
269	284	285	945	946	947
269	285	270	947	948	899
270	285	286	948	949	950
270	286	271	950	951	902
271	286	287	951	952	953
271	287	272	953	954	905
272	287	288	954	955	956
272	288	273	956	957	908
273	288	289	957	958	959
273	289	274	959	960	911
274	289	290	960	961	962
274	290	275	962	963	914
275	290	291	963	964	965
275	291	276	965	966	917
276	291	292	966	967	968
276	292	277	968	969	920
277	292	293	969	970	971
277	293	278	971	972	923
278	293	294	972	973	974
278	294	279	974	975	926
279	294	295	975	976	977
279	295	280	977	978	929
280	295	296	978	979	980
280	296	281	980	981	932
281	296	297	981	982	983
281	297	282	983	984	935
282	297	74	984	985	986
282	74	73	986	105	938
11	12	298	43	987	988
11	298	283	988	989	940
283	298	299	989	990	991
283	299	284	991	992	943
284	299	300	992	993	994
284	300	285	994	995	946
285	300	301	995	996	997
285	301	286	997	998	949
286	301	302	998	999	1000
286	302	287	1000	1001	952
287	302	303	1001	1002	1003
287	303	288	1003	1004	955
288	303	304	1004	1005	1006
288	304	289	1006	1007	958
289	304	305	1007	1008	1009
289	305	290	1009	1010	961
290	305	306	1010	1011	1012
290	306	291	1012	1013	964
291	306	307	1013	1014	1015
291	307	292	1015	1016	967
292	307	308	1016	1017	1018
292	308	293	1018	1019	970
293	308	309	1019	1020	1021
293	309	294	1021	1022	973
294	309	310	1022	1023	1024
294	310	295	1024	1025	976
295	310	311	1025	1026	1027
295	311	296	1027	1028	979
296	311	312	1028	1029	1030
296	312	297	1030	1031	982
297	312	75	1031	1032	1033
297	75	74	1033	106	985
12	13	313	44	1034	1035
12	313	298	1035	1036	987
298	313	314	1036	1037	1038
298	314	299	1038	1039	990
299	314	315	1039	1040	1041
299	315	300	1041	1042	993
300	315	316	1042	1043	1044
300	316	301	1044	1045	996
301	316	317	1045	1046	1047
301	317	302	1047	1048	999
302	317	318	1048	1049	1050
302	318	303	1050	1051	1002
303	318	319	1051	1052	1053
303	319	304	1053	1054	1005
304	319	320	1054	1055	1056
304	320	305	1056	1057	1008
305	320	321	1057	1058	1059
305	321	306	1059	1060	1011
306	321	322	1060	1061	1062
306	322	307	1062	1063	1014
307	322	323	1063	1064	1065
307	323	308	1065	1066	1017
308	323	324	1066	1067	1068
308	324	309	1068	1069	1020
309	324	325	1069	1070	1071
309	325	310	1071	1072	1023
310	325	326	1072	1073	1074
310	326	311	1074	1075	1026
311	326	327	1075	1076	1077
311	327	312	1077	1078	1029
312	327	76	1078	1079	1080
312	76	75	1080	107	1032
13	14	328	45	1081	1082
13	328	313	1082	1083	1034
313	328	329	1083	1084	1085
313	329	314	1085	1086	1037
314	329	330	1086	1087	1088
314	330	315	1088	1089	1040
315	330	331	1089	1090	1091
315	331	316	1091	1092	1043
316	331	332	1092	1093	1094
316	332	317	1094	1095	1046
317	332	333	1095	1096	1097
317	333	318	1097	1098	1049
318	333	334	1098	1099	1100
318	334	319	1100	1101	1052
319	334	335	1101	1102	1103
319	335	320	1103	1104	1055
320	335	336	1104	1105	1106
320	336	321	1106	1107	1058
321	336	337	1107	1108	1109
321	337	322	1109	1110	1061
322	337	338	1110	1111	1112
322	338	323	1112	1113	1064
323	338	339	1113	1114	1115
323	339	324	1115	1116	1067
324	339	340	1116	1117	1118
324	340	325	1118	1119	1070
325	340	341	1119	1120	1121
325	341	326	1121	1122	1073
326	341	342	1122	1123	1124
326	342	327	1124	1125	1076
327	342	77	1125	1126	1127
327	77	76	1127	108	1079
14	15	343	46	1128	1129
14	343	328	1129	1130	1081
328	343	344	1130	1131	1132
328	344	329	1132	1133	1084
329	344	345	1133	1134	1135
329	345	330	1135	1136	1087
330	345	346	1136	1137	1138
330	346	331	1138	1139	1090
331	346	347	1139	1140	1141
331	347	332	1141	1142	1093
332	347	348	1142	1143	1144
332	348	333	1144	1145	1096
333	348	349	1145	1146	1147
333	349	334	1147	1148	1099
334	349	350	1148	1149	1150
334	350	335	1150	1151	1102
335	350	351	1151	1152	1153
335	351	336	1153	1154	1105
336	351	352	1154	1155	1156
336	352	337	1156	1157	1108
337	352	353	1157	1158	1159
337	353	338	1159	1160	1111
338	353	354	1160	1161	1162
338	354	339	1162	1163	1114
339	354	355	1163	1164	1165
339	355	340	1165	1166	1117
340	355	356	1166	1167	1168
340	356	341	1168	1169	1120
341	356	357	1169	1170	1171
341	357	342	1171	1172	1123
342	357	78	1172	1173	1174
342	78	77	1174	109	1126
15	16	358	47	1175	1176
15	358	343	1176	1177	1128
343	358	359	1177	1178	1179
343	359	344	1179	1180	1131
344	359	360	1180	1181	1182
344	360	345	1182	1183	1134
345	360	361	1183	1184	1185
345	361	346	1185	1186	1137
346	361	362	1186	1187	1188
346	362	347	1188	1189	1140
347	362	363	1189	1190	1191
347	363	348	1191	1192	1143
348	363	364	1192	1193	1194
348	364	349	1194	1195	1146
349	364	365	1195	1196	1197
349	365	350	1197	1198	1149
350	365	366	1198	1199	1200
350	366	351	1200	1201	1152
351	366	367	1201	1202	1203
351	367	352	1203	1204	1155
352	367	368	1204	1205	1206
352	368	353	1206	1207	1158
353	368	369	1207	1208	1209
353	369	354	1209	1210	1161
354	369	370	1210	1211	1212
354	370	355	1212	1213	1164
355	370	371	1213	1214	1215
355	371	356	1215	1216	1167
356	371	372	1216	1217	1218
356	372	357	1218	1219	1170
357	372	79	1219	1220	1221
357	79	78	1221	110	1173
16	17	373	48	1222	1223
16	373	358	1223	1224	1175
358	373	374	1224	1225	1226
358	374	359	1226	1227	1178
359	374	375	1227	1228	1229
359	375	360	1229	1230	1181
360	375	376	1230	1231	1232
360	376	361	1232	1233	1184
361	376	377	1233	1234	1235
361	377	362	1235	1236	1187
362	377	378	1236	1237	1238
362	378	363	1238	1239	1190
363	378	379	1239	1240	1241
363	379	364	1241	1242	1193
364	379	380	1242	1243	1244
364	380	365	1244	1245	1196
365	380	381	1245	1246	1247
365	381	366	1247	1248	1199
366	381	382	1248	1249	1250
366	382	367	1250	1251	1202
367	382	383	1251	1252	1253
367	383	368	1253	1254	1205
368	383	384	1254	1255	1256
368	384	369	1256	1257	1208
369	384	385	1257	1258	1259
369	385	370	1259	1260	1211
370	385	386	1260	1261	1262
370	386	371	1262	1263	1214
371	386	387	1263	1264	1265
371	387	372	1265	1266	1217
372	387	80	1266	1267	1268
372	80	79	1268	111	1220
17	18	388	49	1269	1270
17	388	373	1270	1271	1222
373	388	389	1271	1272	1273
373	389	374	1273	1274	1225
374	389	390	1274	1275	1276
374	390	375	1276	1277	1228
375	390	391	1277	1278	1279
375	391	376	1279	1280	1231
376	391	392	1280	1281	1282
376	392	377	1282	1283	1234
377	392	393	1283	1284	1285
377	393	378	1285	1286	1237
378	393	394	1286	1287	1288
378	394	379	1288	1289	1240
379	394	395	1289	1290	1291
379	395	380	1291	1292	1243
380	395	396	1292	1293	1294
380	396	381	1294	1295	1246
381	396	397	1295	1296	1297
381	397	382	1297	1298	1249
382	397	398	1298	1299	1300
382	398	383	1300	1301	1252
383	398	399	1301	1302	1303
383	399	384	1303	1304	1255
384	399	400	1304	1305	1306
384	400	385	1306	1307	1258
385	400	401	1307	1308	1309
385	401	386	1309	1310	1261
386	401	402	1310	1311	1312
386	402	387	1312	1313	1264
387	402	81	1313	1314	1315
387	81	80	1315	112	1267
18	19	403	50	1316	1317
18	403	388	1317	1318	1269
388	403	404	1318	1319	1320
388	404	389	1320	1321	1272
389	404	405	1321	1322	1323
389	405	390	1323	1324	1275
390	405	406	1324	1325	1326
390	406	391	1326	1327	1278
391	406	407	1327	1328	1329
391	407	392	1329	1330	1281
392	407	408	1330	1331	1332
392	408	393	1332	1333	1284
393	408	409	1333	1334	1335
393	409	394	1335	1336	1287
394	409	410	1336	1337	1338
394	410	395	1338	1339	1290
395	410	411	1339	1340	1341
395	411	396	1341	1342	1293
396	411	412	1342	1343	1344
396	412	397	1344	1345	1296
397	412	413	1345	1346	1347
397	413	398	1347	1348	1299
398	413	414	1348	1349	1350
398	414	399	1350	1351	1302
399	414	415	1351	1352	1353
399	415	400	1353	1354	1305
400	415	416	1354	1355	1356
400	416	401	1356	1357	1308
401	416	417	1357	1358	1359
401	417	402	1359	1360	1311
402	417	82	1360	1361	1362
402	82	81	1362	113	1314
19	20	418	51	1363	1364
19	418	403	1364	1365	1316
403	418	419	1365	1366	1367
403	419	404	1367	1368	1319
404	419	420	1368	1369	1370
404	420	405	1370	1371	1322
405	420	421	1371	1372	1373
405	421	406	1373	1374	1325
406	421	422	1374	1375	1376
406	422	407	1376	1377	1328
407	422	423	1377	1378	1379
407	423	408	1379	1380	1331
408	423	424	1380	1381	1382
408	424	409	1382	1383	1334
409	424	425	1383	1384	1385
409	425	410	1385	1386	1337
410	425	426	1386	1387	1388
410	426	411	1388	1389	1340
411	426	427	1389	1390	1391
411	427	412	1391	1392	1343
412	427	428	1392	1393	1394
412	428	413	1394	1395	1346
413	428	429	1395	1396	1397
413	429	414	1397	1398	1349
414	429	430	1398	1399	1400
414	430	415	1400	1401	1352
415	430	431	1401	1402	1403
415	431	416	1403	1404	1355
416	431	432	1404	1405	1406
416	432	417	1406	1407	1358
417	432	83	1407	1408	1409
417	83	82	1409	114	1361
20	21	433	52	1410	1411
20	433	418	1411	1412	1363
418	433	434	1412	1413	1414
418	434	419	1414	1415	1366
419	434	435	1415	1416	1417
419	435	420	1417	1418	1369
420	435	436	1418	1419	1420
420	436	421	1420	1421	1372
421	436	437	1421	1422	1423
421	437	422	1423	1424	1375
422	437	438	1424	1425	1426
422	438	423	1426	1427	1378
423	438	439	1427	1428	1429
423	439	424	1429	1430	1381
424	439	440	1430	1431	1432
424	440	425	1432	1433	1384
425	440	441	1433	1434	1435
425	441	426	1435	1436	1387
426	441	442	1436	1437	1438
426	442	427	1438	1439	1390
427	442	443	1439	1440	1441
427	443	428	1441	1442	1393
428	443	444	1442	1443	1444
428	444	429	1444	1445	1396
429	444	445	1445	1446	1447
429	445	430	1447	1448	1399
430	445	446	1448	1449	1450
430	446	431	1450	1451	1402
431	446	447	1451	1452	1453
431	447	432	1453	1454	1405
432	447	84	1454	1455	1456
432	84	83	1456	115	1408
21	22	448	53	1457	1458
21	448	433	1458	1459	1410
433	448	449	1459	1460	1461
433	449	434	1461	1462	1413
434	449	450	1462	1463	1464
434	450	435	1464	1465	1416
435	450	451	1465	1466	1467
435	451	436	1467	1468	1419
436	451	452	1468	1469	1470
436	452	437	1470	1471	1422
437	452	453	1471	1472	1473
437	453	438	1473	1474	1425
438	453	454	1474	1475	1476
438	454	439	1476	1477	1428
439	454	455	1477	1478	1479
439	455	440	1479	1480	1431
440	455	456	1480	1481	1482
440	456	441	1482	1483	1434
441	456	457	1483	1484	1485
441	457	442	1485	1486	1437
442	457	458	1486	1487	1488
442	458	443	1488	1489	1440
443	458	459	1489	1490	1491
443	459	444	1491	1492	1443
444	459	460	1492	1493	1494
444	460	445	1494	1495	1446
445	460	461	1495	1496	1497
445	461	446	1497	1498	1449
446	461	462	1498	1499	1500
446	462	447	1500	1501	1452
447	462	85	1501	1502	1503
447	85	84	1503	116	1455
22	23	463	54	1504	1505
22	463	448	1505	1506	1457
448	463	464	1506	1507	1508
448	464	449	1508	1509	1460
449	464	465	1509	1510	1511
449	465	450	1511	1512	1463
450	465	466	1512	1513	1514
450	466	451	1514	1515	1466
451	466	467	1515	1516	1517
451	467	452	1517	1518	1469
452	467	468	1518	1519	1520
452	468	453	1520	1521	1472
453	468	469	1521	1522	1523
453	469	454	1523	1524	1475
454	469	470	1524	1525	1526
454	470	455	1526	1527	1478
455	470	471	1527	1528	1529
455	471	456	1529	1530	1481
456	471	472	1530	1531	1532
456	472	457	1532	1533	1484
457	472	473	1533	1534	1535
457	473	458	1535	1536	1487
458	473	474	1536	1537	1538
458	474	459	1538	1539	1490
459	474	475	1539	1540	1541
459	475	460	1541	1542	1493
460	475	476	1542	1543	1544
460	476	461	1544	1545	1496
461	476	477	1545	1546	1547
461	477	462	1547	1548	1499
462	477	86	1548	1549	1550
462	86	85	1550	117	1502
23	24	478	55	1551	1552
23	478	463	1552	1553	1504
463	478	479	1553	1554	1555
463	479	464	1555	1556	1507
464	479	480	1556	1557	1558
464	480	465	1558	1559	1510
465	480	481	1559	1560	1561
465	481	466	1561	1562	1513
466	481	482	1562	1563	1564
466	482	467	1564	1565	1516
467	482	483	1565	1566	1567
467	483	468	1567	1568	1519
468	483	484	1568	1569	1570
468	484	469	1570	1571	1522
469	484	485	1571	1572	1573
469	485	470	1573	1574	1525
470	485	486	1574	1575	1576
470	486	471	1576	1577	1528
471	486	487	1577	1578	1579
471	487	472	1579	1580	1531
472	487	488	1580	1581	1582
472	488	473	1582	1583	1534
473	488	489	1583	1584	1585
473	489	474	1585	1586	1537
474	489	490	1586	1587	1588
474	490	475	1588	1589	1540
475	490	491	1589	1590	1591
475	491	476	1591	1592	1543
476	491	492	1592	1593	1594
476	492	477	1594	1595	1546
477	492	87	1595	1596	1597
477	87	86	1597	118	1549
24	25	493	56	1598	1599
24	493	478	1599	1600	1551
478	493	494	1600	1601	1602
478	494	479	1602	1603	1554
479	494	495	1603	1604	1605
479	495	480	1605	1606	1557
480	495	496	1606	1607	1608
480	496	481	1608	1609	1560
481	496	497	1609	1610	1611
481	497	482	1611	1612	1563
482	497	498	1612	1613	1614
482	498	483	1614	1615	1566
483	498	499	1615	1616	1617
483	499	484	1617	1618	1569
484	499	500	1618	1619	1620
484	500	485	1620	1621	1572
485	500	501	1621	1622	1623
485	501	486	1623	1624	1575
486	501	502	1624	1625	1626
486	502	487	1626	1627	1578
487	502	503	1627	1628	1629
487	503	488	1629	1630	1581
488	503	504	1630	1631	1632
488	504	489	1632	1633	1584
489	504	505	1633	1634	1635
489	505	490	1635	1636	1587
490	505	506	1636	1637	1638
490	506	491	1638	1639	1590
491	506	507	1639	1640	1641
491	507	492	1641	1642	1593
492	507	88	1642	1643	1644
492	88	87	1644	119	1596
25	26	508	57	1645	1646
25	508	493	1646	1647	1598
493	508	509	1647	1648	1649
493	509	494	1649	1650	1601
494	509	510	1650	1651	1652
494	510	495	1652	1653	1604
495	510	511	1653	1654	1655
495	511	496	1655	1656	1607
496	511	512	1656	1657	1658
496	512	497	1658	1659	1610
497	512	513	1659	1660	1661
497	513	498	1661	1662	1613
498	513	514	1662	1663	1664
498	514	499	1664	1665	1616
499	514	515	1665	1666	1667
499	515	500	1667	1668	1619
500	515	516	1668	1669	1670
500	516	501	1670	1671	1622
501	516	517	1671	1672	1673
501	517	502	1673	1674	1625
502	517	518	1674	1675	1676
502	518	503	1676	1677	1628
503	518	519	1677	1678	1679
503	519	504	1679	1680	1631
504	519	520	1680	1681	1682
504	520	505	1682	1683	1634
505	520	521	1683	1684	1685
505	521	506	1685	1686	1637
506	521	522	1686	1687	1688
506	522	507	1688	1689	1640
507	522	89	1689	1690	1691
507	89	88	1691	120	1643
26	27	523	58	1692	1693
26	523	508	1693	1694	1645
508	523	524	1694	1695	1696
508	524	509	1696	1697	1648
509	524	525	1697	1698	1699
509	525	510	1699	1700	1651
510	525	526	1700	1701	1702
510	526	511	1702	1703	1654
511	526	527	1703	1704	1705
511	527	512	1705	1706	1657
512	527	528	1706	1707	1708
512	528	513	1708	1709	1660
513	528	529	1709	1710	1711
513	529	514	1711	1712	1663
514	529	530	1712	1713	1714
514	530	515	1714	1715	1666
515	530	531	1715	1716	1717
515	531	516	1717	1718	1669
516	531	532	1718	1719	1720
516	532	517	1720	1721	1672
517	532	533	1721	1722	1723
517	533	518	1723	1724	1675
518	533	534	1724	1725	1726
518	534	519	1726	1727	1678
519	534	535	1727	1728	1729
519	535	520	1729	1730	1681
520	535	536	1730	1731	1732
520	536	521	1732	1733	1684
521	536	537	1733	1734	1735
521	537	522	1735	1736	1687
522	537	90	1736	1737	1738
522	90	89	1738	121	1690
27	28	538	59	1739	1740
27	538	523	1740	1741	1692
523	538	539	1741	1742	1743
523	539	524	1743	1744	1695
524	539	540	1744	1745	1746
524	540	525	1746	1747	1698
525	540	541	1747	1748	1749
525	541	526	1749	1750	1701
526	541	542	1750	1751	1752
526	542	527	1752	1753	1704
527	542	543	1753	1754	1755
527	543	528	1755	1756	1707
528	543	544	1756	1757	1758
528	544	529	1758	1759	1710
529	544	545	1759	1760	1761
529	545	530	1761	1762	1713
530	545	546	1762	1763	1764
530	546	531	1764	1765	1716
531	546	547	1765	1766	1767
531	547	532	1767	1768	1719
532	547	548	1768	1769	1770
532	548	533	1770	1771	1722
533	548	549	1771	1772	1773
533	549	534	1773	1774	1725
534	549	550	1774	1775	1776
534	550	535	1776	1777	1728
535	550	551	1777	1778	1779
535	551	536	1779	1780	1731
536	551	552	1780	1781	1782
536	552	537	1782	1783	1734
537	552	91	1783	1784	1785
537	91	90	1785	122	1737
28	29	553	60	1786	1787
28	553	538	1787	1788	1739
538	553	554	1788	1789	1790
538	554	539	1790	1791	1742
539	554	555	1791	1792	1793
539	555	540	1793	1794	1745
540	555	556	1794	1795	1796
540	556	541	1796	1797	1748
541	556	557	1797	1798	1799
541	557	542	1799	1800	1751
542	557	558	1800	1801	1802
542	558	543	1802	1803	1754
543	558	559	1803	1804	1805
543	559	544	1805	1806	1757
544	559	560	1806	1807	1808
544	560	545	1808	1809	1760
545	560	561	1809	1810	1811
545	561	546	1811	1812	1763
546	561	562	1812	1813	1814
546	562	547	1814	1815	1766
547	562	563	1815	1816	1817
547	563	548	1817	1818	1769
548	563	564	1818	1819	1820
548	564	549	1820	1821	1772
549	564	565	1821	1822	1823
549	565	550	1823	1824	1775
550	565	566	1824	1825	1826
550	566	551	1826	1827	1778
551	566	567	1827	1828	1829
551	567	552	1829	1830	1781
552	567	92	1830	1831	1832
552	92	91	1832	123	1784
29	30	568	61	1833	1834
29	568	553	1834	1835	1786
553	568	569	1835	1836	1837
553	569	554	1837	1838	1789
554	569	570	1838	1839	1840
554	570	555	1840	1841	1792
555	570	571	1841	1842	1843
555	571	556	1843	1844	1795
556	571	572	1844	1845	1846
556	572	557	1846	1847	1798
557	572	573	1847	1848	1849
557	573	558	1849	1850	1801
558	573	574	1850	1851	1852
558	574	559	1852	1853	1804
559	574	575	1853	1854	1855
559	575	560	1855	1856	1807
560	575	576	1856	1857	1858
560	576	561	1858	1859	1810
561	576	577	1859	1860	1861
561	577	562	1861	1862	1813
562	577	578	1862	1863	1864
562	578	563	1864	1865	1816
563	578	579	1865	1866	1867
563	579	564	1867	1868	1819
564	579	580	1868	1869	1870
564	580	565	1870	1871	1822
565	580	581	1871	1872	1873
565	581	566	1873	1874	1825
566	581	582	1874	1875	1876
566	582	567	1876	1877	1828
567	582	93	1877	1878	1879
567	93	92	1879	124	1831
30	31	583	62	1880	1881
30	583	568	1881	1882	1833
568	583	584	1882	1883	1884
568	584	569	1884	1885	1836
569	584	585	1885	1886	1887
569	585	570	1887	1888	1839
570	585	586	1888	1889	1890
570	586	571	1890	1891	1842
571	586	587	1891	1892	1893
571	587	572	1893	1894	1845
572	587	588	1894	1895	1896
572	588	573	1896	1897	1848
573	588	589	1897	1898	1899
573	589	574	1899	1900	1851
574	589	590	1900	1901	1902
574	590	575	1902	1903	1854
575	590	591	1903	1904	1905
575	591	576	1905	1906	1857
576	591	592	1906	1907	1908
576	592	577	1908	1909	1860
577	592	593	1909	1910	1911
577	593	578	1911	1912	1863
578	593	594	1912	1913	1914
578	594	579	1914	1915	1866
579	594	595	1915	1916	1917
579	595	580	1917	1918	1869
580	595	596	1918	1919	1920
580	596	581	1920	1921	1872
581	596	597	1921	1922	1923
581	597	582	1923	1924	1875
582	597	94	1924	1925	1926
582	94	93	1926	125	1878
31	32	598	63	1927	1928
31	598	583	1928	1929	1880
583	598	599	1929	1930	1931
583	599	584	1931	1932	1883
584	599	600	1932	1933	1934
584	600	585	1934	1935	1886
585	600	601	1935	1936	1937
585	601	586	1937	1938	1889
586	601	602	1938	1939	1940
586	602	587	1940	1941	1892
587	602	603	1941	1942	1943
587	603	588	1943	1944	1895
588	603	604	1944	1945	1946
588	604	589	1946	1947	1898
589	604	605	1947	1948	1949
589	605	590	1949	1950	1901
590	605	606	1950	1951	1952
590	606	591	1952	1953	1904
591	606	607	1953	1954	1955
591	607	592	1955	1956	1907
592	607	608	1956	1957	1958
592	608	593	1958	1959	1910
593	608	609	1959	1960	1961
593	609	594	1961	1962	1913
594	609	610	1962	1963	1964
594	610	595	1964	1965	1916
595	610	611	1965	1966	1967
595	611	596	1967	1968	1919
596	611	612	1968	1969	1970
596	612	597	1970	1971	1922
597	612	95	1971	1972	1973
597	95	94	1973	126	1925
32	33	613	64	1974	1975
32	613	598	1975	1976	1927
598	613	614	1976	1977	1978
598	614	599	1978	1979	1930
599	614	615	1979	1980	1981
599	615	600	1981	1982	1933
600	615	616	1982	1983	1984
600	616	601	1984	1985	1936
601	616	617	1985	1986	1987
601	617	602	1987	1988	1939
602	617	618	1988	1989	1990
602	618	603	1990	1991	1942
603	618	619	1991	1992	1993
603	619	604	1993	1994	1945
604	619	620	1994	1995	1996
604	620	605	1996	1997	1948
605	620	621	1997	1998	1999
605	621	606	1999	2000	1951
606	621	622	2000	2001	2002
606	622	607	2002	2003	1954
607	622	623	2003	2004	2005
607	623	608	2005	2006	1957
608	623	624	2006	2007	2008
608	624	609	2008	2009	1960
609	624	625	2009	2010	2011
609	625	610	2011	2012	1963
610	625	626	2012	2013	2014
610	626	611	2014	2015	1966
611	626	627	2015	2016	2017
611	627	612	2017	2018	1969
612	627	96	2018	2019	2020
612	96	95	2020	127	1972
33	34	628	65	2021	2022
33	628	613	2022	2023	1974
613	628	629	2023	2024	2025
613	629	614	2025	2026	1977
614	629	630	2026	2027	2028
614	630	615	2028	2029	1980
615	630	631	2029	2030	2031
615	631	616	2031	2032	1983
616	631	632	2032	2033	2034
616	632	617	2034	2035	1986
617	632	633	2035	2036	2037
617	633	618	2037	2038	1989
618	633	634	2038	2039	2040
618	634	619	2040	2041	1992
619	634	635	2041	2042	2043
619	635	620	2043	2044	1995
620	635	636	2044	2045	2046
620	636	621	2046	2047	1998
621	636	637	2047	2048	2049
621	637	622	2049	2050	2001
622	637	638	2050	2051	2052
622	638	623	2052	2053	2004
623	638	639	2053	2054	2055
623	639	624	2055	2056	2007
624	639	640	2056	2057	2058
624	640	625	2058	2059	2010
625	640	641	2059	2060	2061
625	641	626	2061	2062	2013
626	641	642	2062	2063	2064
626	642	627	2064	2065	2016
627	642	97	2065	2066	2067
627	97	96	2067	128	2019
34	35	643	66	2068	2069
34	643	628	2069	2070	2021
628	643	644	2070	2071	2072
628	644	629	2072	2073	2024
629	644	645	2073	2074	2075
629	645	630	2075	2076	2027
630	645	646	2076	2077	2078
630	646	631	2078	2079	2030
631	646	647	2079	2080	2081
631	647	632	2081	2082	2033
632	647	648	2082	2083	2084
632	648	633	2084	2085	2036
633	648	649	2085	2086	2087
633	649	634	2087	2088	2039
634	649	650	2088	2089	2090
634	650	635	2090	2091	2042
635	650	651	2091	2092	2093
635	651	636	2093	2094	2045
636	651	652	2094	2095	2096
636	652	637	2096	2097	2048
637	652	653	2097	2098	2099
637	653	638	2099	2100	2051
638	653	654	2100	2101	2102
638	654	639	2102	2103	2054
639	654	655	2103	2104	2105
639	655	640	2105	2106	2057
640	655	656	2106	2107	2108
640	656	641	2108	2109	2060
641	656	657	2109	2110	2111
641	657	642	2111	2112	2063
642	657	98	2112	2113	2114
642	98	97	2114	129	2066
35	2	162	67	177	2115
35	162	643	2115	2116	2068
643	162	163	2116	178	2117
643	163	644	2117	2118	2071
644	163	164	2118	179	2119
644	164	645	2119	2120	2074
645	164	165	2120	180	2121
645	165	646	2121	2122	2077
646	165	166	2122	181	2123
646	166	647	2123	2124	2080
647	166	167	2124	182	2125
647	167	648	2125	2126	2083
648	167	168	2126	183	2127
648	168	649	2127	2128	2086
649	168	169	2128	184	2129
649	169	650	2129	2130	2089
650	169	170	2130	185	2131
650	170	651	2131	2132	2092
651	170	171	2132	186	2133
651	171	652	2133	2134	2095
652	171	172	2134	187	2135
652	172	653	2135	2136	2098
653	172	173	2136	188	2137
653	173	654	2137	2138	2101
654	173	174	2138	189	2139
654	174	655	2139	2140	2104
655	174	175	2140	190	2141
655	175	656	2141	2142	2107
656	175	176	2142	191	2143
656	176	657	2143	2144	2110
657	176	4	2144	192	2145
657	4	98	2145	130	2113

--------------------------------------------------------------------------------
NUMBER OF BOUNDARY TYPES        TOTAL NUMBER OF ELEMENTS
--------------------------------------------------------------------------------
3                               96

--------------------------------------------------------------------------------
BOUNDARY 1        CONSTRAINS (0-free 1-const 2-glue)  VALUES (default = 0.)
NUMB. OF ELEM.    Ux     Uy     Uz                    Ux     Uy     Uz  
--------------------------------------------------------------------------------
16                1      1      0                     1.     0.     0.

--------------------------------------------------------------------------------
BOUNDARY 1 - CONNECTIVITY
--------------------------------------------------------------------------------
1	131	146
131	132	147
132	133	148
133	134	149
134	135	150
135	136	151
136	137	152
137	138	153
138	139	154
139	140	155
140	141	156
141	142	157
142	143	158
143	144	159
144	145	160
145	3	161

--------------------------------------------------------------------------------
BOUNDARY 2        CONSTRAINS (0-free 1-const 2-glue)  VALUES (default = 0.)
NUMB. OF ELEM.    Ux     Uy     Uz                    Ux     Uy     Uz  
--------------------------------------------------------------------------------
64                0      1      0                     0.     0.     0.

--------------------------------------------------------------------------------
BOUNDARY 2 - CONNECTIVITY
--------------------------------------------------------------------------------
1	5	36
5	6	37
6	7	38
7	8	39
8	9	40
9	10	41
10	11	42
11	12	43
12	13	44
13	14	45
14	15	46
15	16	47
16	17	48
17	18	49
18	19	50
19	20	51
20	21	52
21	22	53
22	23	54
23	24	55
24	25	56
25	26	57
26	27	58
27	28	59
28	29	60
29	30	61
30	31	62
31	32	63
32	33	64
33	34	65
34	35	66
35	2	67
3	68	99
68	69	100
69	70	101
70	71	102
71	72	103
72	73	104
73	74	105
74	75	106
75	76	107
76	77	108
77	78	109
78	79	110
79	80	111
80	81	112
81	82	113
82	83	114
83	84	115
84	85	116
85	86	117
86	87	118
87	88	119
88	89	120
89	90	121
90	91	122
91	92	123
92	93	124
93	94	125
94	95	126
95	96	127
96	97	128
97	98	129
98	4	130

--------------------------------------------------------------------------------
BOUNDARY 3        CONSTRAINS (0-free 1-const 2-glue)  VALUES (default = 0.)
NUMB. OF ELEM.    Ux     Uy     Uz                    Ux     Uy     Uz  
--------------------------------------------------------------------------------
16                0      0      0                     0.     0.     0.

--------------------------------------------------------------------------------
BOUNDARY 3 - CONNECTIVITY
--------------------------------------------------------------------------------
2	162	177
162	163	178
163	164	179
164	165	180
165	166	181
166	167	182
167	168	183
168	169	184
169	170	185
170	171	186
171	172	187
172	173	188
173	174	189
174	175	190
175	176	191
176	4	192
