--------------------------------------------------------------------------------
ELEMENTS        NODES        TIME STEPS     PRINTING FREQ
--------------------------------------------------------------------------------
868             1804         100000         1

--------------------------------------------------------------------------------
UNDISTURBED VELOCITY AND PRESSURE
Ux      Uy      Uz      P
--------------------------------------------------------------------------------
1.0     0.0     0.0     0.0

--------------------------------------------------------------------------------
DENSITY      TEMPERATURE      VISCOSITY      THERMAL CONDITIVITY
--------------------------------------------------------------------------------
1.E0         300              0.01           0.0

--------------------------------------------------------------------------------
TIME STEP       TIME INTEGRATION SCHEME (1- Implicit Euler, 2- Adams-Bashforth)
--------------------------------------------------------------------------------
0.10            0.5

--------------------------------------------------------------------------------
EXTERNAL FIELD FORCES CONSTANTS
Gx       Gy       Gz
--------------------------------------------------------------------------------
0.0      0.0      0.0

--------------------------------------------------------------------------------
NODAL COORDINATES
--------------------------------------------------------------------------------
4.00000000000000	4.50000000000000
4.00000000000000	3.50000000000000
4.00000000000000	7.50000000000000
4.00000000000000	0.50000000000000
3.75000000000064	4.43301270189259
3.56698729810816	4.25000000000066
3.50000000000000	4.00000000000166
3.56698729810748	3.75000000000051
3.75000000000016	3.56698729810768
3.87059047744893	4.48296291314458
3.64644660940742	4.35355339059397
3.51703708685576	4.12940952255236
3.51703708685518	3.87059047744978
3.64644660940664	3.64644660940680
3.87059047744861	3.51703708685550
4.24999999999870	3.56698729810703
4.43301270189087	3.74999999999766
4.50000000000000	3.99999999999673
4.43301270189313	4.24999999999841
4.25000000000042	4.43301270189197
4.12940952255062	3.51703708685529
4.35355339059181	3.64644660940526
4.48296291314380	3.87059047744600
4.48296291314509	4.12940952254917
4.35355339059414	4.35355339059240
4.12940952255122	4.48296291314454
3.60812433364419	7.47799273462700
3.22117673115878	7.41224769263772
2.84402328316275	7.30359165608133
2.48140691309476	7.15339103766146
2.13788773220306	6.96353469730322
1.81778569350135	6.73641018864362
1.52512626585414	6.47487373415998
1.26358981136855	6.18221430651391
1.03646530270680	5.86211226781290
0.84660896234638	5.51859308692152
0.69640834392461	5.15597671685423
0.58775230736641	4.77882326885933
0.52200726537513	4.39187566637473
0.50000000000000	4.00000000001374
0.52200726537224	3.60812433365094
0.58775230736111	3.22117673116386
0.69640834391751	2.84402328316608
0.84660896233774	2.48140691309643
1.03646530269713	2.13788773220248
1.26358981135841	1.81778569349880
1.52512626584387	1.52512626585029
1.81778569349183	1.26358981136397
2.13788773219511	1.03646530270176
2.48140691308836	0.84660896234162
2.84402328315814	0.69640834392028
3.22117673115510	0.58775230736311
3.60812433364242	0.52200726537320
3.80375343467270	7.49449385256252
3.41372821843929	7.45054856481482
3.03107571001885	7.36321062680952
2.66060798672812	7.23357836379196
2.30698389513816	7.06328197668423
1.97465046337749	6.85446304136224
1.66778697717507	6.60974757709741
1.39025242291580	6.33221302283971
1.14553695864876	6.02534953663802
0.93671802332474	5.69301610487807
0.76642163621496	5.33939201328859
0.63678937319555	4.96892428999876
0.54945143518835	4.58627178157937
0.50550614743842	4.19624656534393
0.50550614743690	3.80375343468310
0.54945143518418	3.41372821844515
0.63678937318925	3.03107571002308
0.76642163620698	2.66060798673067
0.93671802331561	2.30698389513845
1.14553695863889	1.97465046337588
1.39025242290561	1.66778697717168
1.66778697716499	1.39025242291159
1.97465046336866	1.14553695864402
2.30698389513091	0.93671802331978
2.66060798672270	0.76642163621028
3.03107571001476	0.63678937319165
3.41372821843646	0.54945143518566
3.80375343467187	0.50550614743753
4.39187566635599	0.52200726537302
4.77882326884118	0.58775230736227
5.15597671683744	0.69640834391874
5.51859308690613	0.84660896233897
5.86211226779810	1.03646530269750
6.18221430649986	1.26358981135734
6.47487373414729	1.52512626584145
6.73641018863256	1.81778569348748
6.96353469729387	2.13788773218817
7.15339103765403	2.48140691307934
7.30359165607558	2.84402328314634
7.41224769263367	3.22117673114104
7.47799273462491	3.60812433362569
7.50000000000000	3.99999999998659
7.47799273462776	4.39187566634901
7.41224769263883	4.77882326883634
7.30359165608240	5.15597671683417
7.15339103766217	5.51859308690374
6.96353469730294	5.86211226779738
6.73641018864162	6.18221430650115
6.47487373415569	6.47487373415013
6.18221430650779	6.73641018863632
5.86211226780476	6.96353469729831
5.51859308691165	7.15339103765836
5.15597671684236	7.30359165607953
4.77882326884527	7.41224769263680
4.39187566635765	7.47799273462679
4.19624656532736	0.50550614743748
4.58627178156086	0.54945143518520
4.96892428998114	0.63678937319047
5.33939201327243	0.76642163620827
5.69301610486290	0.93671802331636
6.02534953662373	1.14553695863862
6.33221302282641	1.39025242290392
6.60974757708551	1.66778697716176
6.85446304135199	1.97465046336305
7.06328197667586	2.30698389512302
7.23357836378540	2.66060798671229
7.36321062680460	3.03107571000175
7.45054856481172	3.41372821842108
7.49449385256162	3.80375343465677
7.49449385256308	4.19624656531716
7.45054856481579	4.58627178155499
7.36321062681062	4.96892428997733
7.23357836379289	5.33939201326963
7.06328197668455	5.69301610486125
6.85446304136122	6.02534953662395
6.60974757709417	6.33221302282855
6.33221302283442	6.60974757708892
6.02534953663095	6.85446304135625
5.69301610486915	7.06328197668018
5.33939201327752	7.23357836378962
4.96892428998570	7.36321062680821
4.58627178156381	7.45054856481429
4.19624656532836	7.49449385256246
4.51513290382911	2.07749783024770
5.88776817109265	3.50808846757544
2.07749783024989	4.51513290383663
3.50808846758738	5.88776817109648
2.64769629716147	2.60834436182640
5.35230370284089	5.39165563817067
2.94240021067220	5.05759978933099
5.05759978932364	2.94240021066747
3.61312570262608	2.55616546605690
2.55616546605482	3.61312570262871
4.38687429737525	5.44383453394413
5.44383453394725	4.38687429736744
3.06974937696866	1.67593591585869
1.71975743583343	3.07846959379322
4.93025062303622	6.32406408413969
6.28024256416800	4.92153040620249
5.95221525918396	2.49612958771078
2.46940288153446	5.95683261647014
5.18090710628174	3.68357689452808
2.88126159193544	4.29967573728644
3.68357689453646	5.18090710628216
4.29967573728206	2.88126159193426
4.86448400082088	4.86448400081687
3.13551599918219	3.13551599918288
4.07698544574173	6.60200295329849
3.92301455426127	1.39799704669980
6.60200295329722	4.07698544572841
1.39799704670140	3.92301455426585
1.76897508946953	5.39275505486506
5.39275505485283	1.76897508945926
6.53547911170654	2.99727797581930
2.99727797583739	6.53547911171323
2.26985088071834	1.86148219021206
5.73014911928621	6.13851780978460
1.34977641780401	4.74387637603635
4.74387637602038	1.34977641779958
1.74402800361901	2.30192683937900
6.25597199638475	5.69807316061678
3.30629352181250	4.69370647818959
4.69370647818507	3.30629352180910
3.74620476546462	3.05282328999439
3.05282328999336	3.74620476546644
4.94717671000780	4.25379523453098
4.25379523453617	4.94717671000601
3.94126052257400	1.96075447561850
4.03937973175496	5.93925968381330
1.96075447561995	3.94126052258121
5.93922732295787	4.03714933343220
5.02955373069038	2.29214055482546
2.29214055483118	5.02955373069680
2.28025934359887	3.09257635804433
3.09257635804269	2.28025934359974
5.71974065640255	4.90742364195216
4.90742364196035	5.71974065639870
5.66325448484193	2.98312638947164
2.98493355519377	5.66264467477953
3.55202820848593	6.89903996405576
6.90088461420199	3.55009903353887
1.86253074188656	5.97026261817084
5.97026261815835	1.86253074187332
4.60626725253709	6.84955851623239
3.39373274746650	1.15044148376545
6.84863345514066	4.65640063834653
1.15136654486008	3.34359936164702
5.39236833837598	6.62318730837762
2.60763166162887	1.37681269162056
6.51697564434889	2.44207212422815
2.44207212424605	6.51697564436008
4.05596441068605	2.44370751904834
3.94403558931566	5.55629248095012
2.44370751905037	4.05596441068853
5.55629248094836	3.94403558930758
1.34283297452776	2.67038712583272
6.65716702547469	5.32961287416194
4.72943295198555	2.62575900663087
2.62575900663714	4.72943295199312
1.08589195689981	4.32381290598384
4.32381290597403	1.08589195689803
3.61384104689929	6.37943496817078
6.37943496816784	3.61384104688517
1.29471125918636	5.25575312959801
5.25575312958191	1.29471125917794
1.62327960921440	4.38223502841558
4.38223502840672	1.62327960921441
4.61104201649464	4.61104201649170
3.38895798350711	3.38895798350774
4.81277098989609	3.78221866962070
3.16146089351766	4.22468728912019
3.78221866962638	4.81277098989669
4.22535321689279	3.16540166075731
5.87410433946274	5.35237392255284
2.12589566054044	2.64762607744368
2.68231840550107	3.17495077641594
3.17776541632035	2.68229865379991
5.31822507456788	4.82351435028509
4.82351435029207	5.31822507456381
3.27320110902883	5.37372706628213
5.37448206922097	3.27096366575838
2.20116560896362	5.57213392418988
5.57423562745264	2.20320743440010
6.36200398686200	4.39634060812647
4.39634060813931	6.36200398686223
1.65417477541360	3.53924054773506
3.53924054773062	1.65417477541140
1.79721943038605	4.89541226761304
4.89541226760140	1.79721943037942
6.10283445035360	3.02361031254251
3.02381110874688	6.10276669368600
2.61124970204530	2.10895183944129
5.38875029795847	5.89104816055616
2.64416825214780	5.36422052579765
5.36422052578700	2.64416825214361
5.78668226304928	4.53502802597764
2.21404913711910	3.46888587553565
4.53505556176886	5.78668266256237
3.46577204344180	2.21426285593731
1.83841792229406	1.87952449805162
6.16158207771041	6.12047550194457
4.22411602209780	7.03331961303143
3.76836580123521	0.96257137522886
7.03462601222002	4.22684692303723
0.95454123680545	3.78076111753275
1.47625827722647	5.71178938354978
5.71178938353543	1.47625827721600
5.14636302198662	5.15011082534608
2.85962599146254	2.85962599146464
2.27555222864998	2.27091180104391
5.72444777135302	5.72908819895244
5.57161827292845	3.57488738882821
3.57272987166078	5.56170122305509
3.13354164993349	6.96750496460360
6.96768064556446	3.13335791896995
3.97715971061675	2.77468986119507
2.77447756938818	3.97706224807158
4.01771044652707	5.23220933229765
5.22942002562847	4.01980665302968
4.63261189332227	2.95401670868668
2.95210632030354	4.63434660972791
5.06205679182516	6.88104598534706
2.93794320817955	1.11895401465075
1.99744323341470	6.35783071234441
6.35787768739657	1.99688841210609
2.43033585900858	4.42091930562058
4.42091930561521	2.43033585900407
2.21447330654057	1.42922338121619
5.78552669346288	6.57077661878131
3.40619926723946	2.95986555772070
2.96407211110349	3.40635512906315
4.59390737997969	5.04017808630905
5.03773744297690	4.59574156067075
5.03487881278883	3.39958262365824
3.39976907727001	5.03481589588044
5.30714842741036	6.23490471334622
2.69285157259500	1.76509528665174
2.70701946818977	6.81744985653174
6.81744985652158	2.70701946816917
3.82351548511587	7.13433268112331
7.15093453246960	3.80615291072522
6.92190994390820	5.02512090282821
1.07809005609368	2.97487909716571
6.24267630717104	2.71769470014302
2.71769470015882	6.24267630718058
0.97386923538358	4.86137030524189
4.86137030522601	0.97386923537875
1.76576405198571	2.71253407710582
6.23423594801732	5.28746592289053
1.37940707838100	2.27934314438093
6.62059292162160	5.72065685561451
3.75060291717890	6.08098153180876
6.08626579404363	3.75700609162902
4.17966821036436	2.17338048319821
2.17338048320063	4.17966821037045
2.33337336640724	4.75163490673016
4.75163490672385	2.33337336640207
3.48968888901933	4.50742351130132
4.50568879489727	3.49159927740402
3.80935460021480	3.31651317376731
3.31624049528452	3.80942767914476
4.18534475548489	4.68274512392369
4.68274512392472	4.18534475548107
6.31447023036281	3.27930510423204
3.27932741493477	6.31446270184794
5.08069174482047	5.45531988931428
2.92346149388587	2.54887363945133
2.54337449161978	2.91002394446990
5.45662550838152	5.08997605552688
5.68309595711769	3.30403967600033
3.30238443530198	5.67436629079347
3.78330165255497	2.29814939370941
4.22414679432642	5.71036027278031
2.29814939370878	3.78330165255924
5.71035667713081	4.22389897228185
3.21775296657504	1.98086661464199
1.97894314529788	3.24577745539058
4.78224703342953	6.01913338535705
6.01913338536045	4.78224703342092
5.02245769773053	2.59836146229197
2.59836146229751	5.02245769773746
5.71575472961396	2.65842173628353
2.65284544397079	5.71448402623655
4.07111345354662	1.66220713553543
1.66283278018783	4.07350608819924
5.13550990160378	2.01210771574472
2.01210771575181	5.13550990161412
4.01667659564314	6.29212173504251
6.29212173504150	4.01667659562765
2.44211925733264	3.34017971100124
3.34017971099913	2.44211925733391
5.55788074266952	4.65982028899482
4.65982028900273	5.55788074266613
5.34997532204747	2.98190257287454
2.98190257288337	5.34997532205437
3.76256231261361	5.80023891548930
5.80226144232124	3.76340635171386
7.17449923985725	4.56510662882881
3.43799970092310	0.82777987225199
4.56099787552350	7.17167225951500
0.82405639334718	3.43590777657659
2.17656311903106	5.87543034314445
5.87268012244609	2.17892078853611
4.01004841821163	3.06867027616228
3.06580715209813	4.01081574696362
3.95255217613153	4.94179920909446
4.94179920909379	3.95255217612565
4.45767068076903	3.18631146338238
3.18426288920076	4.45770458071004
6.50211826142495	4.67875755150425
4.66119729917195	6.51744432683911
1.49967937882819	3.31408479914198
3.33164505148352	1.48435331341127
1.57267224673881	5.09182337754296
5.09182337752906	1.57267224673142
3.60922320181992	1.38566115726910
4.39224648308597	6.65335686707714
1.38566115727319	3.60922320182477
6.65136423676723	4.40163642162202
3.76980766578554	6.67515041598709
6.67515041598533	3.76980766577136
5.64817623140924	1.92655557513892
1.92606674237749	5.64824828891076
2.91917175150476	2.00501662894914
5.08082824849950	5.99498337104925
1.82220005591449	4.60210717883218
4.59971454417688	1.82157441126098
3.54835940992802	4.76418861473622
4.76400285923466	3.54855095823250
4.76550325755000	4.41863274533071
3.23449674245135	3.58136725466768
4.41863274533448	4.76550325754759
3.58136725466678	3.23449674245232
5.94047109447241	2.78184089456221
2.77702694129015	5.93718136834869
2.03876889402672	2.92022139912012
5.96101738715917	5.08289243296674
3.11790904898276	4.90160705907838
4.90142130357399	3.11810059728673
5.21503185694669	4.33879888248566
2.78649422624836	3.66012528314007
4.33808403135218	5.21413983382911
3.66191596864919	2.78586016617055
6.63983626640842	3.35473449518878
3.35497174149059	6.63961094867503
5.51642725310492	1.18944529192950
1.18944529193896	5.51642725312063
4.21041550762080	1.36794263153925
1.36801214761145	4.21068135592087
4.14639935797806	0.83182477952311
0.83093254192190	4.14777661535413
0.84968272892797	4.53359539607216
4.53344236746183	0.84978186643610
1.53473130667611	2.00016313158727
6.46526869332768	5.99983686840685
1.38596958901415	3.01539710477534
6.61403041098776	4.98460289521813
1.59036078694981	6.15338525548120
6.15338525546949	1.59036078693804
3.45838763211688	7.18770208197613
7.18770208197243	3.45838763210027
6.00472431137269	5.85585960947072
1.99527568863088	2.14414039052548
6.19187330489635	2.31838639007110
2.31595620132027	6.19262407181144
2.89500912202789	1.43974094057240
5.10499087797747	6.56025905942548
1.89029108159572	4.29037606847370
4.28495784952560	1.89192736479809
6.67123370394414	2.16290482691721
2.16297880310650	6.67122744061326
6.10946989507454	6.43053403277457
1.89053010493173	1.56946596722302
1.12536022918107	4.06086048985634
4.05898870025697	1.12654061050942
4.84232994939676	7.07244444425201
3.15755867021153	0.92749468149887
3.91962877390188	6.87169962221093
6.87433334230082	3.91742066077367
2.04927190956741	4.80710487179472
4.80683902349217	2.04920239348996
1.02399658250824	5.20136527946537
5.17228813330655	0.99734947282241
3.34824694563371	4.30635610815271
4.30620908300802	3.34930024294088
4.71287408026903	3.94090204354097
3.31345743609765	4.07622313053715
3.94090204354536	4.71287408026915
4.07618740775221	3.31436075466377
2.42213812287011	1.14507390921915
5.57853841104520	6.85470327331205
4.79551518233186	4.65472813131451
4.64072466747756	4.81874899286454
3.35927533252449	3.18125100713584
3.18125100713524	3.35927533252523
4.95268544486274	3.65270016342342
3.65269948413623	4.95270182334257
2.40737768772077	6.83175804964562
6.83175804963271	2.40737768770198
3.60318138542620	1.92834459082975
4.37139035906687	6.05592689072470
1.92814104910062	3.60614693980374
6.05592342824762	4.37115171561372
1.14066000614541	2.45527035024955
6.85933999385572	5.54472964974386
5.32460497598646	2.33840417897844
2.33689954245710	5.32238788657462
5.40566690901458	1.47733744495774
1.47733744496744	5.40566690902902
5.62868288422971	5.27953664885834
2.37131711577298	2.72046335113789
2.83844546822823	4.84105990865810
4.84105990865293	2.83844546822013
5.42807538129189	4.14717371198034
2.57192461870667	3.85282628801587
3.85282628801313	2.57192461870340
4.14717371198809	5.42807538129360
5.55212372482436	6.38589561361569
2.44787627518066	1.61410438638187
6.52481759773234	2.71811011443785
2.71811011445591	6.52481759774175
4.46927049443109	4.46927049442876
3.53001132882961	3.53001132883019
3.75619156826692	5.40857535929891
5.40857535929777	3.75619156825903
4.24756756086303	2.62215287790596
2.62212457233322	4.24755456586061
6.13873097290890	3.48144652576267
3.48059574393934	6.13802540081168
4.47496362764865	2.68783073283192
2.68757224030699	4.47519319050737
1.12123676678096	4.58275399477994
4.58275399476687	1.12123676677614
3.43805284688154	2.69201245440234
2.69266050308912	3.43745958507097
4.56213200829698	5.30806319525079
5.30785671255847	4.56247187920153
0.87029049561105	3.17242402160579
7.12970950438839	4.82757597838672
5.14146793963943	3.14846385447641
3.14876150095697	5.14138365106435
2.53877329094822	2.38664153596864
5.46122670905473	5.61335846402834
1.37135673031685	4.49416423593925
4.49413469722904	1.37134900630891
1.23629600931786	5.01632600354514
5.01244905071004	1.23274306135480
2.90716482954199	3.08797716110460
3.08797716110262	2.90716482954304
5.09283517046121	4.91202283889226
4.91202283889819	5.09283517045678
3.51003298743613	5.33691998270950
5.33691998270727	3.51003298742682
2.00381548802949	2.40992868324724
5.99618451197369	5.59007131674908
5.19146155953971	5.68299064364815
2.80899991143055	2.31747530399033
5.92188665123918	3.24148554148385
3.24148554149723	5.92188665124521
1.56211256045528	2.50425646983624
6.43788743954781	5.49574353015936
1.64897815867532	3.78531995912848
3.78472460478763	1.64893125834804
4.62355617934296	3.73722483371516
3.73699128519697	4.62376956511109
6.98544944473631	5.29634379599568
1.01455055526931	2.70365620399863
2.04554438880849	5.40429574251015
5.40565094069144	2.05230414490945
2.09195842418394	6.10489349976053
6.10060135565489	2.08788791164870
2.66421699654439	1.03793033922967
5.33578300345773	6.96206966077003
4.86789046370282	6.70294129691220
3.13202620687778	1.29278158133876
2.41007819054066	5.66279748981295
5.66259992514866	2.41432342719773
6.24510983589501	4.65024593196423
1.75490581884361	3.34092028813210
4.64909907969778	6.25299664227530
3.33796695377416	1.74730307560130
4.75069567010011	1.59684882044177
1.59684882044629	4.75069567011460
3.99170766053531	5.74777608238171
3.90097102218429	5.86974929965130
3.85329895096463	5.67826569821971
5.67927696163480	3.85372097051072
5.87074438263956	3.90027784257303
5.74775990195312	3.99059246136989
5.94586559849831	6.12949665586458
6.13552598639247	6.27550476735957
5.91980950718037	6.28452592127958
2.05413440150620	1.87050334413184
1.86447401361290	1.72449523263732
2.08019049282503	1.71547407871754
4.08409119182104	5.63332637686521
4.13176326304069	5.82480997829680
5.82479200004434	4.13052415285702
5.63332457903959	4.08396728079471
1.55774352640198	6.31412949482059
1.79390201018226	6.25560798391281
1.76128474963442	6.41635222325219
6.41637571077193	1.76100733897377
6.25563147143303	1.79362459952206
6.31412949480839	1.55774352638974
6.48200347007961	4.23666302692744
6.32706286095175	4.20650860187706
6.44706234416936	4.04683102067803
4.04683102069244	6.44706234417050
4.20650860189123	6.32706286095237
4.23666302694052	6.48200347008036
6.50963561728813	3.48428777103697
6.65749334119688	3.56227108048007
6.52729269207659	3.69182435632826
3.69182435634241	6.52729269207893
3.56238970363807	6.65738068233106
3.48440639419494	6.50952295842290
5.94700184501765	1.36992404428667
5.78695082566677	1.25636178995675
1.25636178996663	5.78695082568134
1.36992404429751	5.94700184503185
2.44055029138182	1.98521701482668
2.44340096534764	2.18993182024260
2.27270155468416	2.06619699562798
5.55944970862234	6.01478298517038
5.55659903465574	5.81006817975430
5.72729844531962	5.93380300436852
5.94749829426871	6.50065532577794
5.75783790637455	6.35464721428295
2.05250170573615	1.49934467421961
2.24216209362945	1.64535278571413
3.02136124272655	4.26218151320332
3.17286189135921	4.34119593491512
3.03276224056810	4.37869015899824
4.37867320902555	3.03378652765832
4.34151194883091	3.17585656206985
4.26251447708742	3.02333162634579
1.90761446345803	6.54712045049402
6.54714393801456	1.90733705279678
2.97353437201678	4.15524574212503
3.11363402280789	4.11775151804191
4.11770081755221	3.11703596845980
4.15486207774684	2.97496593404827
7.13563615082002	2.98869060105814
6.89256525104302	2.92018869356956
7.06052075629858	2.77552137565775
2.77552137567626	7.06052075630653
2.92028055906163	6.89247741056767
2.98878246654812	7.13554831034246
4.11205801104890	7.26665980651571
4.30799584422772	7.25565617382911
3.88418290061760	0.73128568761443
3.68824506743881	0.74228932030103
0.73827425108885	3.69444272559184
0.72727061840273	3.89038055877325
7.25630937342389	4.30936129469312
7.26731300611001	4.11342346151191
6.16779978098467	1.42697529914769
5.93258731950246	1.53330953207702
1.53330953208814	5.93258731951549
1.42697529915918	6.16779978099756
6.44570148674601	5.30853939852623
6.42413317950254	5.13603440905433
6.63559871823123	5.15710788469004
1.57586682049993	2.86396559094058
1.36440128177096	2.84289211530403
1.55429851325674	2.69146060146927
2.30854400112550	4.11781631052949
2.23576493845471	3.98148493146484
2.37092845637957	3.91963303162388
3.91963303162051	2.37092845637887
3.98148493145966	2.23576493845381
4.11781631052520	2.30854400112327
4.88272821737942	3.71745941652206
4.94724232697826	3.80262616977453
4.87728509949494	3.86738542287317
3.86738542287895	4.87728509949558
3.80262583013388	4.94725051621851
3.71745907688130	4.88273640661963
3.44022236710290	4.16311156526891
3.40672871804882	4.03811156526941
4.03809370387610	3.40718037733188
4.16309370387545	3.44067402638540
6.78801751509366	3.65995334965511
6.77036044030520	3.45241676436382
3.45349997498826	6.76932545636539
3.66091793713573	6.78709519002143
2.61206023446733	4.87594532486529
2.46586741435238	4.88704630223381
2.47956618652219	4.74053392936164
4.74053392935470	2.47956618651647
4.88704630222719	2.46586741434702
4.87594532485804	2.61206023446142
6.31915678103007	3.01044414418091
6.17275537876232	2.87065250634277
6.38907770943879	2.85748633798116
2.85748633799810	6.38907770944690
2.87075290445285	6.17272150043329
3.01054454229213	6.31912290269962
6.62668359503222	4.23931093367521
6.50668411181461	4.39898851487424
4.39429354561264	6.50768042696969
4.23461596441385	6.62767991018782
4.55787891290892	4.21767237773974
4.57600780917791	4.32730762495491
4.45114159816211	4.35963524721359
3.44161389669600	3.77971383957264
3.42312591205706	3.66971950398748
3.54849931346854	3.64000566441535
4.35963524721576	4.45114159816036
4.32730762495799	4.57600780917622
4.21767237774266	4.55787891290783
3.64000566441488	3.54849931346893
3.66968296452220	3.42326225129875
3.77967730010748	3.44175023593749
2.48128887454997	3.13376356723014
2.56221883141685	3.25756524370859
2.36118930046575	3.21637803452279
3.21637803452091	2.36118930046683
3.25897256365974	2.56220895556691
3.13517088718152	2.48127899869983
5.51898286548521	4.86546899611863
5.43805290861870	4.74166731963996
5.63881069953604	4.78362196547349
4.78362196548154	5.63881069953242
4.74166731964740	5.43805290861497
4.86546899612621	5.51898286548126
1.84752091592351	5.52050167188791
1.70116250980198	5.68001883623027
1.62261668334800	5.55227221920742
5.55227221919413	1.62261668333763
5.67998280747233	1.70140692617746
5.52046564313103	1.84776533229909
6.81831448275862	4.15191618438282
6.84299512449362	4.31424167232962
4.30818125259188	6.84333824005428
4.15055073391977	6.81766128316496
3.76611887804060	1.39182910198445
3.68879450152757	1.17411626624898
3.84569017774824	1.18028421096433
1.17010119703932	3.69499215967876
1.39182910198729	3.76611887804531
1.17626914175342	3.85188783589930
6.44713648757788	4.95306665071031
6.25723925609266	5.10449816454651
1.74276074390957	2.89550183544952
1.55286351242379	3.04693334928428
3.91175774255793	7.31716634056165
4.02381575360683	7.08382614707737
7.09278027234481	4.01649991688122
7.32546726623480	3.90307645535591
1.66939450955651	5.84102600086031
1.89429874213202	5.80925545354080
5.80921942478379	1.89454315850612
5.84102600084689	1.66939450954466
2.98341806403857	5.50630999841695
3.12755184095610	5.36185119416825
3.12906733211130	5.51818587053083
5.51886827703145	3.12704502761501
5.36222869563422	3.12643311931646
5.50661490344470	2.98251448117309
2.48135122665667	1.81328873843190
2.65205063732015	1.93702356304652
5.51864877334828	6.18671126156541
5.34794936268441	6.06297643695119
3.28779277216540	5.52404667853780
3.14365899524788	5.66850548278650
5.67317522097981	3.14358303273598
5.52878901316933	3.28750167087935
2.41181691760932	3.00130015125711
2.61284644856042	3.04248736044292
3.05061345510311	2.61558614662562
3.00801892596428	2.41456649152553
5.58818308239203	4.99869984873952
5.38742529147470	4.95674520290599
4.95210304755627	5.38677248193905
4.99405769339041	5.58753027285649
5.88304446759777	3.00336835100707
6.01236055079639	3.13254792701318
5.79257056804056	3.11230596547774
3.11320954834550	5.79226566301237
3.13264832512206	6.01232667246561
3.00437233197033	5.88270568423277
2.40716275979910	2.32877666850628
2.45504520336060	2.55355244355327
2.32343467221148	2.49568757609090
5.59283724020387	5.67122333149039
5.54495479664222	5.44644755644334
5.67656532779137	5.50431242390539
6.74999884595394	4.52901852998427
6.94162973368034	4.44162378069188
4.41519163731744	6.94143906463191
4.49925686781153	6.75145769165477
1.05295389083276	3.56218023958989
1.26851385106663	3.47641128173590
3.58104927435085	1.05650642949715
3.50147797464321	1.26805132051728
2.12945193466436	3.86228108757023
2.06706747941029	4.06046436647583
4.06046436646918	2.06706747940835
3.86228108756449	2.12945193466396
1.47679786109695	5.55872814628940
1.62315626721848	5.39921098194704
5.39921098193370	1.62315626720850
5.55872814627501	1.47679786108687
5.06135315768776	3.81806453532686
5.06679627557224	3.66813852897575
3.66813818933634	5.06680446481236
3.81806453533400	5.06135315768831
2.24860638815671	2.68404471429079
2.20072394459521	2.45926893924380
5.75139361184623	5.31595528570559
5.79927605540788	5.54073106075264
2.31275696061921	4.89059431871348
2.44525100856435	5.02600571421713
5.02600571421046	2.44525100855872
4.89059431870711	2.31275696061377
4.07319967898903	0.66591238976156
3.95738257960663	0.89719807737599
0.89273688936368	3.96426886644344
0.66546627096095	4.07388830768394
1.92998698765063	6.16404666525762
1.72644576441818	6.06182393682602
6.06182393681392	1.72644576440568
6.16407015277746	1.92970957698971
3.45761712187093	4.27817805407668
3.33085219086568	4.19128961934493
4.19119824538012	3.33183049880232
4.27810454150336	3.45814377052395
5.80186278965717	2.88248364201692
6.02165277241300	2.90272560355236
2.90041902501851	6.01997403101735
2.88098024824196	5.79991302156411
2.96215139177779	5.20378755569268
2.81303541251558	5.35709792392601
2.79328423141000	5.21091015756432
5.21091015755532	2.79328423140554
5.35709792391724	2.81303541250908
5.20378755568556	2.96215139177101
2.62126485722266	5.19333911176756
2.77038083648486	5.04002874353423
5.04002874352709	2.77038083647972
5.19333911175877	2.62126485721779
6.98542044708781	2.59421319062426
2.59421319064227	6.98542044709660
4.72412419073736	4.30198875040589
4.61738687599055	4.44395161987973
3.27536861886794	3.69539746690622
3.38225403564048	3.55568929174893
4.44395161988278	4.61738687598818
4.30198875040969	4.72412419073564
3.55568929174819	3.38225403564125
3.69536092744079	3.27550495810981
5.61525839849827	4.46095116167254
5.67228150285940	4.59742415748623
5.50085763830838	4.52334729318113
2.38510730158696	3.54100578908218
2.32808419722587	3.40453279326844
2.49914236169373	3.47665270681498
4.52334729318899	5.50085763830513
4.59743792538579	5.67228170261425
4.46096492957205	5.61525859825325
3.47665270681260	2.49914236169541
3.40297587722047	2.32819105663561
3.53944887303394	2.38521416099710
5.57709560553903	4.30538663482465
5.74851947009005	4.37946349912974
2.42715742988180	3.69821367759398
2.25609926541394	3.62609376404744
4.37960117804764	5.74852146767134
4.30551054585084	5.57709740336222
3.62453684799839	2.25620612482336
3.69821367759052	2.42715742988315
0.67646990364852	4.26982614086443
0.84030763542493	4.34068600571315
0.68584499715155	4.46273553122345
4.46265901690891	0.68589456590456
4.33992086271994	0.84080332297961
4.26913751216702	0.67691602244807
0.96778734291389	4.42870415102800
0.95841224941086	4.23579476066898
4.23510613197604	0.95885836821057
4.42862763671793	0.96783691166706
3.81525882127122	6.33577835160664
3.89324213071434	6.48363607551480
6.48363607551342	3.89324213069951
6.33577835160467	3.81525882125641
6.31822790593305	6.29767461804735
6.31342538551904	6.06015618517571
6.47007121374168	6.23735530127849
1.68177209406897	1.70232538195095
1.68657461448509	1.93984381481944
1.52992878625999	1.76264469871878
6.73816814779901	3.99720305325104
6.95447967726042	4.07213379190545
4.07187239799984	6.95250961762118
3.99830710982181	6.73685128775471
2.13256328467461	2.00281129036877
1.91684680546247	2.01183244428855
5.86743671532945	5.99718870962766
6.08315319454155	5.98816755570764
3.06818460475215	4.54602559521898
2.91668395611949	4.46701117350718
4.46614381530216	2.91763915031047
4.54514128704565	3.07016408603453
5.20516356595510	3.85169177377888
5.08560961736113	3.98617941457766
2.82786958066181	4.13836899267901
2.92014236074316	3.99393899751760
3.98513131132930	5.08700427069605
3.85064367053177	5.20655821928990
3.99360406441419	2.92168006867867
4.13841772394941	2.82797572656466
2.81455090367079	5.51343260028859
5.51373750531447	2.81364732080763
1.79122296295654	2.09072566871531
1.86965184612494	2.22303361495224
6.20877703704758	5.90927433128068
6.13034815387872	5.77696638504375
5.75321145972592	4.72122583396490
2.24715424035898	3.28073111678999
4.72123960186460	5.75321165948054
3.27917420074225	2.24726109976853
5.90290782420487	4.65863752969928
5.92130284564845	4.45308987079568
6.03752840680404	4.57669937451732
2.09649614120849	3.35733166546312
2.07109509310986	3.53751640766969
1.95354209719925	3.42596219759716
4.57681869624820	6.03753013804088
4.45322296041786	5.92130477664353
4.65865129759919	5.90290802395971
3.41046717600062	1.95460560273587
3.53447671443400	2.07130372338353
3.34176250500842	2.09756473528965
6.42497467103468	3.13829154002567
6.20865234035821	3.15145770838728
3.15156926184082	6.20861469776697
3.13830269538608	6.42497090678059
3.91367725074609	1.04455599286914
3.99100162725912	1.26226882860461
1.26167863794123	3.99193752206109
1.03995073299326	3.92081080369455
7.18996416909906	3.17726732505550
3.17735919054613	7.18987632862066
6.67646448411406	2.85214872199423
6.75157987863550	3.06531794739462
3.06540981288544	6.75149203815841
2.85214872201358	6.67646448412248
1.63937965514756	2.15104498548313
6.36062034485621	5.84895501451182
2.81888949958228	5.68856435050804
2.64850684805929	5.53935227601710
5.53998762770048	2.65129499421357
5.68950460722794	2.82077406287758
6.20896370755481	4.38374616187010
6.17402258164456	4.19391415562069
4.19403347735501	6.17402431288361
4.38386548360309	6.20896543879347
5.86943702088150	4.84483533768654
2.12960124444837	3.16917690671746
4.84483533769494	5.86943702087788
3.15516466230887	2.13056297912087
6.67850155513161	5.95143558105783
6.79206380946227	5.79138456170595
1.32149844486970	2.04856441893987
1.20793619053906	2.20861543829171
3.92339655576364	6.63857668464279
6.63857668464127	3.92339655574988
5.34441275088673	2.49128621556103
5.49360245056756	2.37636380308808
5.51341022546783	2.52924583967067
2.52712322134423	5.51350900780530
2.37348886649888	5.49259268819379
2.49053389730245	5.34330420618614
6.15051663207132	4.51069882378898
6.13212161062773	4.71624648269258
1.84152343397211	3.47353361396792
1.86692448207074	3.29334887176134
4.71567305656366	6.13606501381618
4.51024471938233	6.15446176650000
3.27785996017460	1.86408484512164
3.47057416960018	1.83782383321552
6.60083944098465	6.09102558745400
6.54293080747464	5.86024686201068
1.39916055901726	1.90897441254303
1.45706919252855	2.13975313798410
4.91819637709127	2.17067147415771
4.97117446254797	2.03065505461734
5.08253181614708	2.15212413528509
2.03068981265961	4.97130738670442
2.17070623219930	4.91832930124576
2.15212413529150	5.08253181615546
6.88760897825140	3.73375984715627
6.77474187914307	3.84361416327252
3.84471821984371	6.77342501909901
3.73582849119390	6.88536979313335
5.68917732738131	2.53637258174063
2.53146181725572	5.68864075802475
7.29997488730305	3.33978218162066
7.07769136376844	3.29587277553511
3.29596464102518	7.07760352328987
3.33978218163783	7.29997488730693
4.00618698806031	1.81148080557697
4.17803565153611	1.77706725016676
4.11310918604980	1.92634092020829
1.92552277860784	4.11581829552745
1.77656193089178	4.18194107833647
1.81179362790389	4.00738330539022
4.23231302994498	2.03265392399815
2.03183578239818	4.23502213942207
6.22660060163586	3.38037581499736
6.03030881207404	3.36146603362326
6.11817844080100	3.26039532285795
3.26040647821600	6.11817467654658
3.36104064271829	6.02995602602844
3.37996157943706	6.22624405132981
6.34695259926533	3.44657307555860
6.47715324838562	3.31701979971041
3.31714957821268	6.47703682526149
3.44658423091703	6.34694883500936
4.77923696510801	2.19128787994602
2.19132263798733	4.77936988926244
3.87157212950887	7.00301615166712
3.68777184680090	7.01668632258953
7.01263393738521	3.86178678574945
7.02590957333579	3.67812597213204
2.43702168902947	4.23844185815455
2.30185817110461	4.30029375799551
4.30029375798978	2.30185817110114
4.23844185815063	2.43702168902620
4.91784987677472	1.46122433226550
4.92125952381459	1.58476053358660
4.74728602306025	1.47331261912068
1.47331261912515	4.74728602307548
1.58476053359255	4.92125952382878
1.46122433227141	4.91784987678965
2.38185461270791	4.58627710617537
2.52804743282286	4.57517612880685
4.57517612880038	2.52804743281747
4.58627710616953	2.38185461270307
2.15951411881279	3.00639887858223
2.20504300489985	2.82034237512901
2.32578822968593	2.90651985459111
5.84037902178086	4.99515803745945
5.79485013569444	5.18121454091254
5.67421177031613	5.09348014540525
2.12543915672526	4.34740055710354
2.25391684462924	4.46802610472860
4.46802610472216	2.25391684462589
4.34740055709673	2.12543915672296
1.97724458303525	6.03757805896568
2.04470082879932	6.23136210605247
6.22923952152573	2.04238816187739
6.03543198690662	1.97520932676101
3.21210128539763	4.79765676863399
3.03500768464315	4.76797683440315
3.12919992105802	4.66402654395875
4.66315918575367	3.13015511524789
4.76701659844813	3.03605865298670
4.79756389087953	3.21219705954792
5.08829836781813	4.13680094378033
5.22222594128758	4.17930276775767
5.08110428347724	4.29629705850832
2.91365042969077	3.86163350676901
2.78048589781827	3.81859376560582
2.91965875812086	3.70316502430326
4.29593963294417	5.08065827191756
4.17789723893963	5.22317458306338
4.13575284053162	5.08969302115183
3.70406036705691	2.91934172808247
3.81953783963297	2.78027501368281
3.86168223804069	2.91375657559473
2.13541395864043	2.20752609578469
5.86458604136286	5.79247390421158
2.20543559832856	4.63338390528339
4.63338390527648	2.20543559832489
3.41586622419480	0.98911067800872
3.60318275107915	0.89517562374042
4.58363256403029	7.01061538787369
4.39255694881065	7.10249593627321
7.10456262603863	4.39597677593302
7.01156634749896	4.61075363358767
0.88929881507632	3.60833444705467
0.98771146910363	3.38975356911181
5.23005743879512	2.17525594736158
5.17707935333842	2.31527236690195
2.31452004864414	5.17597080863571
2.17450362910445	5.22894889409437
5.30149426518407	5.12004344043648
5.23229404827725	4.98681258781559
4.98493868613935	5.23416794995495
5.11352738340354	5.30271535733018
2.77097219848180	3.01728838394029
2.70150024154116	2.88482496796727
2.89154374267420	2.70424981545798
3.01869570389144	2.77096232263228
5.62735711502307	3.43946353241427
5.47305017107471	3.42292552729329
3.43755715348138	5.61803375692428
3.42296549034481	5.46771414466861
4.99361782256523	1.68494583855542
5.11366663956642	1.79238998123807
5.01546108460259	1.90466357306207
1.79238998124531	5.11366663957854
1.68494583856243	4.99361782257800
1.90466357306893	5.01546108461358
5.11959909622392	5.03106683211917
5.20553012251455	4.86776859458868
4.86776859459513	5.20553012251029
5.02919293044241	5.12147299790143
3.13287128871148	2.79473174167148
2.97380157628258	2.88339541050384
2.88339541050226	2.97380157628462
2.79474161752153	3.13146396876027
5.82381948063382	6.76715565803981
5.98387049998534	6.65359340370882
2.17618051936784	1.23284434195898
2.01612950001620	1.34640659629008
1.40448412802833	5.05407469054405
1.29303621356094	4.88010118979075
4.87816271336521	1.29125973957719
5.05213621411955	1.40270765404311
1.70782818538780	1.54729611653665
6.29217181461512	6.45270388346235
3.50520792030140	7.04337102301595
3.34278492920971	6.93327246432968
6.93428262988322	3.34172847625441
7.04429334808721	3.50424333281957
2.57501149649676	2.24779668770497
5.42498850350660	5.75220331229225
5.26413247822830	1.89054140260199
5.24228921619094	1.67082366809534
1.89054140261067	5.26413247823959
1.67082366810417	5.24228921620401
5.27058042114761	2.03220593032709
5.36512795833895	2.19535416194394
2.19122196563280	5.36334181454239
2.02882605228015	5.26990282206213
5.21649772383068	5.42348776374248
5.24933336241376	5.27088323175838
5.40446460561121	5.24081584684878
2.75366114431201	2.73398517664552
2.78557889552367	2.57860900063886
2.59553539439062	2.75918415314815
4.47643677094057	7.32483249707089
3.52306201728276	0.67489356881259
7.32624598724251	4.47849114758891
0.67303182935971	3.52201605511376
3.66378601006570	3.14366001622335
3.49378326095312	3.09718115008651
3.57620201635204	3.00634442385754
3.09928442677742	3.49386119186542
3.14366001622236	3.66378601006706
3.00844770054843	3.57627994726480
4.33621398993533	4.85633998377680
4.50627006265708	4.90284067192832
4.42385130725793	4.99367739815753
4.99245707649235	4.42476839760087
4.90162035026345	4.50718715300073
4.85633998377890	4.33621398993085
4.86429264548695	3.35293807273367
4.89944083601175	3.47406679094537
4.72885466870986	3.42742224002080
3.42732646587026	4.72894754646290
3.47406424359901	4.89950225530833
3.35303129954126	4.86426118703501
3.77222095400010	1.94454953322412
3.69395299510692	1.78863792458890
3.86299256368082	1.80484286698327
1.80486631714764	3.86329024085484
1.78855960388797	3.69573344946611
1.94444776236029	3.77370373119248
3.86849564259848	4.56188478255554
3.74349564259881	4.52839113350184
4.52828444061692	3.74361241685641
4.56177808967148	3.86861241685594
1.11295529732288	5.68926976046677
1.33285178458271	5.61410831833520
5.61410831832018	1.33285178457275
5.68926976045151	1.11295529731350
5.45426912781786	3.54246018812751
5.35570102596412	3.39049832659260
3.39161704823248	5.35532352449581
3.54138142954846	5.44931060288229
3.89499132446693	6.01012060781103
3.75658261489625	5.94061022364903
6.01274655850075	3.89707771253061
5.94426361818244	3.76020622167144
3.97045102177268	4.60643704013457
3.83894666437117	4.66832182269012
4.66821512980599	3.83906343862806
4.60643704013451	3.97045102176885
1.88478977000760	2.56123138017653
2.06485557428496	2.52877738034546
1.94582985626308	2.68008007727475
6.11521022999551	5.43876861981980
5.93514442571821	5.47122261965096
6.05417014374003	5.31991992272168
4.22667424097667	1.64274337237492
4.14076448058371	1.51507488353734
4.29632526801376	1.49561112037683
1.49564587841292	4.29645819216822
1.51542246389964	4.14209372206005
1.64305619470112	4.22787055830741
5.49049329353530	5.33559614351451
5.40676520594781	5.50250705109951
2.50950670646723	2.66440385648215
2.59323479405484	2.49749294889752
1.45247276749152	2.58732179783448
1.66393830622050	2.60839527347103
6.54752723251125	5.41267820216065
6.33606169378257	5.39160472652494
5.72969322201055	3.54148792820182
5.78543206410517	3.40606407178788
3.40523645144468	5.78106723094497
3.54040916962408	5.72473469707578
3.87812659183812	3.06074678307833
3.05931522104575	3.87851025621503
4.10317370533385	4.94448795955023
4.94448795955079	4.10317370532831
3.92791902916713	1.65556919694174
1.65590546943158	3.92941302366386
4.57568857947705	3.24630249259574
3.24527820550663	4.57570552944982
3.90970150921322	3.19259172496479
3.77777968283971	3.18466823188085
4.06894846580821	4.81227216650907
4.21956999501053	4.81496091696485
3.18453189263894	3.77781622230560
3.19102382369133	3.91012171305419
4.81496091696626	4.21956999500602
4.81227216650926	4.06894846580336
6.12607825417922	5.64407223868293
6.24510397220103	5.49276954175365
1.75489602780236	2.50723045824241
1.87392174582425	2.35592776131312
2.88130047478183	1.72051560125521
2.79393034731145	1.60241811361207
2.98237924949828	1.55783842821554
5.11869952522329	6.27948439874295
5.20606965269391	6.39758188638585
5.01762075050684	6.44216157178258
4.59969763654117	3.39894639960656
4.48167973783315	3.33895537039320
3.33697588911004	4.48256404600568
3.39799120541592	4.60056499474546
3.68222198203909	6.23020824998977
3.88363975641102	6.18655163342564
6.18919376454257	3.88684134362834
6.23285038110574	3.68542356925709
3.71581990938003	7.30616270787515
7.31446363354726	3.70713862217545
4.06671503094104	1.38296983911952
3.99706400390395	1.53010209111762
1.53041491344461	3.99826032123254
1.38300459715642	4.06684795509336
5.48243392012307	3.85011357878330
5.49009681611311	3.66553947854362
5.56395537693841	3.75946148906789
3.75838273048822	5.55899685200260
3.66446071996385	5.48513829117700
3.85011357879129	5.48243392012451
1.11472830047688	3.15923922940637
1.23202982255392	2.99513810097053
1.26866806693712	3.17949823321118
6.88527169952443	4.84076077058737
6.76797017744798	5.00486189902317
6.73133193306421	4.82050176678233
6.07204428204016	2.40725798889094
6.21727480603370	2.51804054510706
6.09744578317750	2.60691214392690
2.59354879084664	6.09975446182536
2.51682545073954	6.21765018949601
2.39267954142737	6.07472834414079
6.09762666758825	5.18517917792864
6.12062997566358	5.00221141958462
1.90226647300622	2.81637773811297
1.87926316493007	2.99934549645667
3.17612485866399	6.58754503019413
3.24425669571204	6.80355795663931
6.80375845598644	3.24404620707937
6.58765768905748	3.17600623550404
4.04311791298192	3.19151551541303
3.94277100398351	3.31543696421554
3.94672710983845	4.82733664468180
4.06312339951513	4.69780960209642
3.31484896569108	3.94282540484096
3.18963229409789	4.04351943875039
4.69780960209687	4.06312339951102
4.82733664468141	3.94672710983331
4.11236363573989	2.69842136955051
4.27362164907255	2.75170723492011
2.75169308213433	4.27361515157352
2.69830107086070	4.11230840696609
2.13968385833974	2.34042024214557
5.86031614166336	5.65957975785076
3.88695100739700	5.32039234579828
3.71988423140169	5.29474123279053
5.29474123278975	3.71988423139356
5.31899769246312	3.88799911064435
4.38731968246535	2.78454616238309
4.55378776048546	2.82092372075930
2.81983928030527	4.55476990011764
2.78441691612122	4.38743446389691
4.20538504541092	5.99759328726900
4.02802816369905	6.11569070942790
6.11567452899969	4.02691296452993
5.99757537560275	4.20415052452296
4.40594893895264	3.42044976017245
4.38193988188853	3.26780585316163
3.26625491741723	4.38203034443138
3.41896791732652	4.40688980972701
3.27193498839961	5.79812647101934
5.80249130417844	3.27276260874209
5.84501480670695	3.63574740964465
5.68693985762484	3.66914687027103
3.66764609213720	5.68097006927219
3.63532539010049	5.84400354329289
3.69324151899059	2.11324699226958
4.29776857669665	5.88314358175250
2.11314522140470	3.69472429618149
5.88314005268921	4.29752534394779
0.78081077137499	4.82009678705061
0.83513878965410	5.00867351104806
5.00867351103173	0.83513878964875
4.82009678703359	0.78081077137051
5.17353133685849	2.46838282063520
2.46763050237731	5.17242279215604
2.72834810429601	2.46290983290836
2.86623070265821	2.43317447172083
5.27188263119030	5.53732314090941
5.13607665218009	5.56915526648122
2.75132039182838	1.40827681609648
2.65024161711194	1.57095398913615
5.24867960817672	6.59172318390155
5.34975838289317	6.42904601086192
2.67388660118938	2.35205841997949
5.32634413429722	5.64817455383825
4.15176598577454	2.53293019847715
4.01656206065140	2.60919869012170
2.60909254421927	4.01651332938006
2.53291604569179	4.15175948827457
3.98087301792137	5.39425090662388
5.39285625328842	3.98192112116863
4.68102242265391	2.78988785765877
4.60219828981710	2.65679486973139
2.65666562347207	4.60231307125024
2.78893266347034	4.68188978086051
5.58894751591943	6.59698196357946
5.68203255225404	6.71273994604668
5.48545337471059	6.73894529084483
2.41105248408472	1.40301803641838
2.31830571470534	1.28714864521767
2.51488489224949	1.26094330041985
2.45734580369638	2.81524364780390
5.54265419630562	5.18475635219261
6.37982597575997	2.57988341218559
6.35442447462262	2.38022925714963
2.37901416278316	6.35479985808576
2.57988341220244	6.37982597577033
0.93530277242731	5.35997918319344
1.10672093722360	5.35889626629300
1.01802712714267	5.51751017002108
5.51751017000553	1.01802712713424
5.34435769320574	1.09339738237595
5.34544061010634	0.92197921758069
1.56171754100000	2.29063499187997
6.43828245900318	5.70936500811565
5.10789295953528	3.54157975909316
5.18589939774805	3.45480780554253
5.25891354449451	3.59680494097745
3.59680494098629	5.25891354449583
3.45490103235307	5.18586793929497
3.54167298590324	5.10786150108130
1.72273983256445	4.49217110362388
1.70952443818039	4.67640142447339
1.61006421483035	4.56646534926509
4.56646534925342	1.61006421482809
4.67520510713849	1.70921161585138
4.49097478629180	1.72242701023769
3.11174658014241	3.02134041436296
3.24708821417104	2.93351519363187
3.27085763321082	3.04769077845179
3.04979405514284	3.27093556412302
2.93561847032274	3.24716614508388
3.02134041436209	3.11174658014374
4.88825341985954	4.97865958563682
4.75296510943894	5.06650662838291
4.72919569040028	4.95233104356296
4.95111072189889	4.73011278074381
5.06528630671906	4.75388219978150
4.97865958564105	4.88825341985456
5.22721256510057	6.75211664686234
5.08352383490131	6.72065252238627
2.77278743490421	1.24788335313566
2.91647616510372	1.27934747761158
2.21975767883038	6.43740317835225
2.15669971736749	6.27522739207792
6.27487549614646	2.15763740108860
6.43742666587273	2.21948026816712
5.72032533942498	6.90911898530518
2.28001292753261	1.09076960596045
2.55895404965779	4.44805624806398
4.44794146663193	2.55908329591800
2.52623021567090	4.33423693574059
4.33424343323912	2.52624436845502
2.08233227728358	2.78392373828190
5.91756086331095	5.21763317775979
3.61984444450999	4.47021810659696
3.52833809356375	4.37871175565099
4.37784439744798	3.52929328775553
4.46935074839407	3.62079963870084
3.90467730010740	3.40825658688365
3.40812024764226	3.90471383957321
4.59137256196236	4.09267237773890
4.09267237774244	4.59137256196184
5.20468044100490	3.33527314470831
3.33648509314942	5.20427148108129
3.29198234177990	2.82108210576031
2.82319525830228	3.29065295273955
4.70871086513588	5.17920158043643
5.17798125877239	4.70962795547792
3.53405761794432	2.87286286194563
2.87528316867592	3.53324020610161
4.46599570566593	5.12715896006908
5.12638464996180	4.46727022157820
4.96815005818141	3.25884161047249
3.25883906312639	4.96821147747941
5.36407567091686	6.79262848457382
5.19891989764145	6.92155782305855
2.63592432908663	1.20737151542511
2.80108010236197	1.07844217694021
2.97817725860550	4.87133348386824
2.89527589426589	4.73770325919301
4.73683590098760	2.89623108845340
4.87124060611346	2.97827303275343
1.48410277538157	4.62242995302692
1.49731816976563	4.43819963217741
4.43818486281788	1.49731430776166
4.62241518366458	1.48409891337534
5.32874770346018	4.08349018250501
5.32155361911929	4.24298629723300
4.24262887167014	5.32110760756136
4.08244207925758	5.33014235679562
2.67320109404743	3.91494426804372
2.67920942247751	3.75647578557797
3.75737112833116	2.67889239243697
3.91499299931494	2.67330723994923
2.26903257571036	5.44726090538225
2.30562189975214	5.61746570700142
5.61841777630065	2.30876543079891
5.44942030171955	2.27080580668927
2.30252546367627	6.59410154248667
2.08021101826060	6.51452907647884
6.51455569567035	2.07989661951165
6.59410467414651	2.30248847557268
1.24207827556266	5.38609019135932
1.15935392084730	5.22855920453169
5.21402063144423	1.14603036600017
5.38609019134342	1.24207827555372
4.99915333311956	7.18801805016577
4.95219337061096	6.97674521479953
5.10901675433376	7.09231882071330
3.00079097668484	0.81195151270958
3.04775093919554	1.02322434807481
2.89098324566885	0.90768117928552
1.99038224830392	6.70381881462844
6.70382194628835	1.99034526020235
2.33117479086062	1.52166388379903
2.35886357794950	1.73779328829697
5.66882520914362	6.47833611619850
5.64113642205529	6.26220671170014
1.44282448392117	3.16474095195866
1.32552296184413	3.32884208039450
6.55807433620636	4.83168022336119
6.67537585828280	4.66757909492539
6.30355691137850	4.52329327004535
1.70454029712861	3.44008041793358
1.79115791225711	3.57269374376940
4.52271984391855	6.30750031456877
3.57121096657841	1.79125968312058
3.43860375075239	1.70073892550635
5.24587986015005	7.13283065842478
2.75412013985126	0.86716934157498
3.23745916480765	4.15045520982867
3.25485391957568	4.26552169863645
4.26578114995041	3.25735095184910
4.15077031232250	3.23988120771054
2.24625966017566	6.03402720747794
2.32298300028276	5.91613147980729
6.03227671367122	2.24865358930361
5.91244769081503	2.33752518812345
3.64095155861637	7.16101738154972
7.16931830722101	3.63227027141275
2.99446056423671	1.84047627240391
2.80601166204988	1.88505595780044
5.00553943576786	6.15952372759447
5.19398833795493	6.11494404219774
2.52775396840476	1.49545853900122
5.47224603160017	6.50454146099665
3.45948465616836	3.45948465616897
3.31172736297923	3.48516261908771
4.54015625546287	4.54015625546023
4.68827263702232	4.51483738091120
3.48516261908694	3.31172736298003
4.51483738091456	4.68827263701965
2.76521072677503	2.05698423419522
5.23478927322898	5.94301576580270
6.38374695245169	2.71790240729044
6.53014835471944	2.85769404512858
2.85769404514665	6.53014835472749
2.71790240730736	6.38374695246117
3.95439534934959	2.50781606887587
4.04560465065188	5.49218393112186
2.50781606887852	3.95439534935220
5.49218393112012	4.04560465064396
4.99412594522993	5.85736201372398
4.93153764096452	6.00705837820315
3.00587405477373	2.14263798627444
3.06846235903990	1.99294162179557
4.78524643031924	2.73210223742550
2.73210223743269	4.78524643032561
2.00885601966230	3.08299942725535
1.84935029056565	3.16212352459190
6.14968797476423	4.85188871981171
5.99007538625981	4.93256973319383
3.10088779192322	1.48435874859872
3.23183562918065	1.38856744737502
3.20069721422609	1.58014461463498
4.89907054336952	6.51350269052594
4.76454388143738	6.61019281187565
4.79572396110409	6.42075420548940
6.78953848469144	5.17736688849507
1.21046151531072	2.82263311149922
6.09157370082172	2.74976779735262
5.94634317682818	2.63898524113650
2.62321491141231	5.94700699240941
2.74736082072448	6.08992883776463
3.38273729988197	3.07055828242827
3.24739566585334	3.15838350315936
3.15838350315871	3.24739566585405
3.07266155911937	3.38281523079419
4.61731602372862	4.92946353958679
4.75260433414922	4.84161649684070
4.82999959157637	4.75960606606569
4.91662631265438	4.62523484599263
4.99378212882579	3.52614139354083
3.52623428070312	4.99375885961151
5.82811291204318	2.72013131542287
2.71493619263047	5.82583269729262
2.20395731275211	6.14875878578598
2.13426077160750	5.99016192145249
5.98664073905049	2.13340435009240
6.14623733027562	2.20313715085990
3.01351766445284	1.36626126095558
4.98644067084014	6.63160017816884
3.53325598288053	7.33284740830156
7.33284740829867	3.53325598286298
5.98701698256814	3.63254727960223
3.62934569238314	5.98437485145262
1.85415789921178	1.41652788929349
6.14584210079117	6.58347211070545
2.71256479132284	6.67113372713675
6.67113372712696	2.71256479130351
1.01082852023556	3.25801169162641
0.97419027585237	3.07365155938575
6.98917147976452	4.74198830836663
7.02580972414829	4.92634844060747
5.04944260075003	5.70136565002343
5.13614490401961	5.83898700734870
2.95078813473662	2.29886732379504
2.86408583146765	2.16124596646974
2.57036392388783	1.68959983651681
5.42963607611736	6.31040016348096
4.73707885811995	6.77624990657229
4.85511020654979	6.88769287058210
4.72429860096692	6.96100148024220
3.26287947717214	1.22161153255211
3.14479243854466	1.11013813141881
3.27564570883901	1.03896808263216
2.58009111935098	6.52089662105092
2.57454579621791	6.66721275044591
6.66721275043523	2.57454579619866
6.52089662104062	2.58009111933300
7.11275079999530	5.09054880983119
7.21665058023539	4.99177634761045
0.88724920000559	2.90945119016590
0.78334941976428	3.00822365238594
2.55719857795527	6.82460395308868
2.42472490598341	6.67436684700285
6.67436684699080	2.42472490596507
6.82460395307715	2.55719857793558
1.92324566997673	4.85125856970388
4.85112564554678	1.92321091193469
3.30790913160094	2.68715555410113
3.42212605706050	2.82593900606152
2.82836630709630	3.42190735706706
2.68748945429509	3.30620518074346
5.17279707776769	4.57910671993614
5.31304089356317	4.69299311474331
4.69282317929453	5.31314413490730
4.57801969413834	5.17412064077992
4.40897380160154	1.22862048160347
4.35227510242492	1.36964581892408
4.26711420679741	1.22691729421864
1.22695205225563	4.26724713095235
1.36968443896415	4.35242279593006
1.22862434360833	4.40898857096154
1.16182282659379	4.80262334063912
1.04755300108227	4.72206215001091
1.23550659229249	4.66331518540814
4.66331518539362	1.23550659228786
4.72206214999644	1.04755300107744
4.80262334062320	1.16182282658916
5.08817337621413	3.27402323906733
5.25797500443020	3.20971376011739
3.21098130499290	5.25755535867324
3.27426528911349	5.08809977347240
3.47032129359563	3.20787387479408
3.20787387479329	3.47032129359645
4.52967870640602	4.79212612520606
4.78050921994093	4.53668043832261
4.65613281815150	0.71876708689918
0.71871751814719	4.65620933246574
4.66991057218438	7.29195997607590
3.32958821603910	0.70776608980755
0.70590435035415	3.32854225387023
7.29337346624804	4.67196494883257
4.82305396885076	1.69703412541060
1.69703412541617	4.82305396886382
4.85834415204870	3.60062556082796
3.60052944703212	4.85844521903939
4.45328345037045	1.10356436183708
4.53844434599795	1.24629288654252
1.24629674854891	4.53845911535959
1.10356436184039	4.45328345038189
5.16413242507200	0.84687890837058
0.86020246321643	5.17867099815980
6.95367969432225	5.16073234941194
6.82130823510550	5.31297833507881
1.04632030568150	2.83926765058217
1.17869176489854	2.68702166491568
4.93690967796802	1.10330614836677
1.10508262235072	4.93884815439352
0.91177598215577	4.69748285065703
4.69740633634392	0.91182555090742
6.99257454364337	2.44439230039066
2.44439230040777	6.99257454365354
4.96497362776399	6.79199364112963
3.03498470752867	1.20586779799476
3.18936770068331	0.75762349443099
4.81057660912101	7.24234606844440
2.15043326765478	6.81738106895824
6.81738420061901	2.15039627955269
0.85547944959341	2.77383974358236
7.14452055040935	5.22616025641492
5.90482741116592	3.37478700452964
6.01324957200078	3.49476749666905
3.49434210576336	6.01289678595408
3.37478700454231	5.90482741117085
4.33359643896616	1.75760348700625
1.75678534540506	4.33630554844464
2.57281195481637	0.94226965078565
5.42718804518469	7.05773034921420
3.14375117177185	1.82840126525034
4.85624882823288	6.17159873474837
3.73297599531960	2.56404504238015
3.63752083563763	2.67101281611372
4.26702400468167	5.43595495761886
4.36247916436372	5.32898718388662
2.67132984615159	3.63662549288439
2.56404504238074	3.73297599532229
5.32943319544697	4.36283658992655
5.43595495761957	4.26702400467390
7.27097859851361	4.80319962361153
0.72902140148608	3.19680037638483
1.26550363425211	5.13603956657157
1.43369175296258	5.17378825357048
5.17378825355549	1.43369175295468
5.13410109014598	1.26372716026637
4.97951054644882	3.03025040397710
4.94932984898829	2.89042283944380
2.89042283945022	4.94932984899455
3.03015462982748	4.97960342420469
5.83398499439896	2.57727566199716
2.56112416275262	5.83565832135334
3.61559933055912	6.10950346631022
6.11249838347627	3.61922630869585
0.99893290894591	5.03136779235363
5.01682921926628	0.98560935410058
3.51902414947368	4.63580606301877
4.63484582706596	3.52007511781826
4.56462248712012	3.61441205555959
3.61334008710815	4.56559653820621
1.98389445592281	4.40275448615516
4.40004537667736	1.98471259752290
6.89764637346329	2.27263270994508
2.27263270996191	6.89764637347442
0.93057975880353	2.59253155854753
7.06942024119924	5.40746844144971
1.65307028203715	2.40309165460762
1.47075981941814	2.39179980710859
6.34692971796628	5.59690834538807
6.52924018058471	5.60820019288693
6.91143734557933	5.70342095877062
7.00636551575895	5.53166136832380
1.08856265442127	2.29657904122602
0.99363448424157	2.46833863167299
3.54721839541931	6.25873018449123
6.25908297053837	3.54764378632392
4.70166391246013	7.12205835188350
3.29777918556731	0.87763727687543
2.05131493070427	5.76183931602761
2.01954693045881	5.92284648065764
5.76042817692766	2.05273818183752
5.92147137030222	2.02072576520472
6.73996645773866	5.63269325267919
1.26003354226320	2.36730674731524
1.36112002645438	2.47486513510683
6.63887997354815	5.52513486488823
5.56921602921135	4.18553634213109
2.43503700620772	3.81806397028755
4.18566025315726	5.56921782703695
3.81806397028405	2.43503700620641
2.71840346526287	4.93175880319778
4.93175880319173	2.71840346525605
5.29010592874909	5.78701940210216
2.71012480673792	2.21321357171581
5.72345787494937	2.19106411146810
5.61120592943094	2.06488150476951
2.18886436399734	5.72378213366717
2.06361617567055	5.61019110655032
3.43544279960707	1.56926404441134
3.47043412665172	1.43500723534019
3.57423187477527	1.51991796634025
4.52876895365563	6.43972415685067
4.52672189112896	6.58540059695813
1.51991796634340	3.57423187477991
1.44267026805069	3.46165400048337
1.57692707712090	3.42666267343852
6.57674124909609	4.54019698656313
6.43206112414347	4.53754907981536
1.24174649033658	2.56282873804114
6.75825350966521	5.43717126195290
2.45177251797924	0.99584143578039
5.54856574897843	7.00404715548521
2.06338486990865	4.66111888781568
4.66098596366064	2.06335011186883
1.94984894308219	4.55862004133440
1.85624556875511	4.44624162365294
4.44233619685124	1.85675088802953
4.55742372400300	1.94953612075434
0.84717344447912	3.30416589909119
7.15210437212282	4.69634130360777
5.48994328407204	2.12775578965477
2.12335499888606	5.48821483335001
4.63373227585452	6.68350142153575
3.36268889947501	1.31739739858836
5.46104708105975	1.33339136844362
5.33071001929825	1.38602435206784
1.38602435207690	5.33071001931351
1.33339136845320	5.46104708107483
3.75960497741168	4.71827027750389
3.86156035658587	4.76282253508292
4.76282253508256	3.86156035658083
4.71816358461952	3.75972175166793
3.66198257625913	1.65155301687972
1.65157646704446	3.66228025343177
6.39118041279647	4.80014397885337
1.60971840733081	3.19627719646760
1.93573598274095	4.70460602531345
4.70327678383452	1.93538840237547
3.52558927475381	2.62408896022962
3.38911627894033	2.56706585586813
2.56738988021088	3.38881964803611
2.62441298457197	3.52529264384984
4.47450315283612	5.37594886459746
4.61097614864986	5.43297196895846
5.43286872761399	4.61114608409818
5.37584562325286	4.47467308828449
5.24572163084345	3.06518321367548
5.09953386448154	3.04543203257194
3.04558085581459	5.09949172019767
3.06533203692017	5.24567948655936
1.80970974315027	4.74875972322261
4.74756340588914	1.80939692082020
1.52500484585312	5.24874514328599
5.24874514327182	1.52500484584458
4.69377951928881	3.64288789597383
3.64267534756249	4.69397908992365
5.45716070725147	6.90838646704104
2.54317755970725	1.09150212422441
4.19140080311550	1.10621628370372
4.10269402911751	0.97918269501627
0.97814638555149	4.10431855260523
1.10562609304044	4.19233669792009
1.24668618839626	4.13577092288860
4.13470210393888	1.24724162102433
0.98545974785447	4.55817469542605
4.55809818111435	0.98550931660612
2.28517824541363	6.75149274512944
6.75149587678843	2.28514125730960
3.85386957952445	1.52346415252392
1.52348760268836	3.85416725669716
3.69697390330378	1.51729620780857
1.51731965797426	3.69727158047662
3.13333527496987	5.02149535507137
5.02144462160671	3.13328222588157
5.26144428475258	4.45063538084359
2.73957736466874	3.54879243410552
4.45010801982458	5.26110151453995
3.54998440776536	2.73893631028645
5.76764002379738	2.29662210786692
2.29332065478586	5.76911391647870
3.20385816537141	1.71161949572999
1.73733162733852	3.20969494096266
4.78967485136700	6.28853036320749
6.26267620003151	4.78588816908336
1.36056657406043	4.61902030598780
4.61900553662471	1.36056271205424
4.70327859941325	4.63288507390310
4.62588334198610	4.71489550467812
3.28510449532117	3.37411665801649
3.37411665801580	3.28510449532179
4.78838692456537	3.66538481392660
3.66528903977720	4.78847980231645
5.80740759216631	2.45522650745425
2.43974053603756	5.80981505314154
4.71811992490471	4.73673856208952
3.27026316982986	3.27026316983054
5.39920299777213	1.91063961718435
1.90725973913901	5.39852539868760
3.33480600262884	1.61582819450629
4.65514818943487	6.38522048455721
6.37361404865998	4.66450174173424
1.62729259883590	3.32750254363704
5.52691358605034	1.98942986002418
1.98580556559299	5.52627201571045
6.92239471929601	5.42053672286977
1.07760528070736	2.57946327712409
6.00045441167319	5.72296546310990
1.99954558833018	2.27703453688636
2.65484840632011	4.36137387818399
4.36126559425584	2.65499180536894
5.37274767100252	3.63311227784292
3.63311227785152	5.37274767100420
1.13014629591305	5.10884564150526
5.09236859200829	1.11504626708861
5.00242900467970	5.00242900467452
2.99757099532230	2.99757099532382

--------------------------------------------------------------------------------
ELEMENT CONNECTIVITY
--------------------------------------------------------------------------------
206	182	349	537	538	539
208	350	184	540	541	542
170	254	425	543	544	545
169	253	426	546	547	548
206	326	182	549	550	537
208	184	328	542	551	552
33	411	277	553	554	555
88	278	412	556	557	558
163	237	342	559	560	561
161	341	238	562	563	564
216	397	374	565	566	567
215	373	398	568	569	570
86	87	260	114	571	572
34	35	259	62	573	574
169	245	263	575	576	577
170	246	264	578	579	580
170	425	282	545	581	582
169	426	281	548	583	584
156	224	362	585	586	587
158	361	226	588	589	590
32	33	277	60	555	591
88	89	278	116	592	556
156	358	224	593	594	585
158	226	357	590	595	596
92	268	292	597	598	599
29	291	267	600	601	602
3	255	108	603	604	136
4	256	53	605	606	81
40	41	258	68	607	608
95	96	257	123	609	610
87	412	260	611	612	571
34	259	411	574	613	614
210	302	410	615	616	617
301	409	209	618	619	620
207	308	327	621	622	623
205	325	307	624	625	626
223	449	360	627	628	629
225	359	450	630	631	632
7	6	440	12	633	634
2	442	16	635	636	21
194	374	397	637	566	638
193	398	373	639	569	640
212	334	309	641	642	643
211	310	333	644	645	646
167	243	297	647	648	649
168	298	244	650	651	652
163	372	237	653	654	559
161	238	370	564	655	656
19	316	475	657	658	659
8	314	476	660	661	662
20	475	315	663	664	665
9	476	313	666	667	668
187	229	343	669	670	671
188	344	230	672	673	674
189	231	345	675	676	677
190	346	232	678	679	680
165	376	259	681	682	683
166	260	375	684	685	686
163	257	372	687	688	653
161	370	255	656	689	690
162	369	256	691	692	693
258	371	164	694	695	696
152	410	302	697	616	698
301	150	409	699	700	618
3	293	255	701	702	603
95	257	294	610	703	704
195	259	376	705	682	706
196	375	260	707	685	708
192	348	233	709	710	711
191	234	347	712	713	714
169	290	245	715	716	575
170	289	246	717	718	578
192	233	324	711	719	720
191	323	234	721	722	712
187	321	229	723	724	669
188	230	320	674	725	726
189	322	231	727	728	675
190	232	319	680	729	730
191	243	511	731	732	733
192	512	244	734	735	736
263	495	464	737	738	739
264	496	463	740	741	742
199	372	257	743	688	744
197	255	370	745	689	746
258	200	371	747	748	694
198	256	369	749	692	750
183	327	308	751	622	752
181	307	325	753	625	754
165	259	462	683	755	756
166	461	260	757	758	684
155	360	449	759	628	760
157	450	359	761	631	762
263	464	228	739	763	764
264	463	227	742	765	766
186	309	334	767	642	768
185	333	310	769	645	770
4	403	256	771	772	605
40	258	404	608	773	774
195	277	411	775	554	776
196	412	278	777	557	778
6	437	440	779	780	633
16	442	438	636	781	782
191	387	243	783	784	731
192	244	388	736	785	786
143	348	247	787	788	789
144	248	347	790	791	792
143	247	334	789	793	794
144	333	248	795	796	790
91	92	292	119	599	797
30	291	29	798	600	57
316	383	475	799	800	658
314	384	476	801	802	661
315	475	385	664	803	804
313	476	386	667	805	806
148	249	345	807	808	809
146	250	343	810	811	812
147	346	251	813	814	815
145	344	252	816	817	818
148	328	249	819	820	807
146	327	250	821	822	810
147	251	326	815	823	824
145	252	325	818	825	826
39	404	405	827	828	829
82	406	403	830	831	832
213	405	404	833	828	834
214	403	406	835	831	836
215	341	373	837	838	568
216	374	342	567	839	840
102	254	408	841	842	843
47	253	407	844	845	846
163	432	257	847	848	687
161	255	431	690	849	850
169	416	253	851	852	546
170	415	254	853	854	543
156	362	274	587	855	856
158	273	361	857	858	588
196	260	412	708	612	777
195	411	259	776	613	705
155	272	360	859	860	759
156	270	358	861	862	593
157	359	271	762	863	864
158	357	269	596	865	866
247	348	192	788	709	867
248	191	347	868	714	791
173	253	416	869	852	870
174	254	415	871	854	872
189	345	249	677	808	873
187	343	250	671	811	874
190	251	346	875	814	678
188	252	344	876	817	672
332	249	456	877	878	879
330	250	455	880	881	882
331	454	251	883	884	885
329	453	252	886	887	888
167	317	243	889	890	647
168	244	318	652	891	892
162	256	428	693	893	894
258	164	427	696	895	896
93	268	92	897	597	120
28	29	267	56	602	898
167	292	268	899	598	900
168	267	291	901	601	902
173	407	253	903	845	869
174	408	254	904	842	871
247	192	336	867	905	906
248	335	191	907	908	868
342	237	456	560	909	910
341	454	238	911	912	563
189	249	332	873	877	913
187	250	330	874	880	914
190	331	251	915	885	875
188	329	252	916	888	876
100	101	304	128	917	918
45	46	303	73	919	920
161	373	341	921	838	562
163	342	374	561	839	922
248	459	530	923	924	925
247	529	460	926	927	928
332	456	531	879	929	930
330	455	532	882	931	932
331	533	454	933	934	883
329	534	453	935	936	886
101	408	304	937	938	917
46	407	303	939	940	919
185	434	339	941	942	943
340	433	186	944	945	946
194	432	374	947	948	637
193	373	431	640	949	950
248	530	335	925	951	907
247	336	529	906	952	926
93	414	268	953	954	897
28	267	413	898	955	956
181	337	422	957	958	959
183	421	338	960	961	962
181	422	307	959	963	753
183	308	421	752	964	960
317	481	511	965	966	967
318	512	482	968	969	970
216	317	397	971	972	565
215	398	318	570	973	974
243	317	511	890	967	732
244	512	318	735	968	891
185	310	434	770	975	941
186	433	309	945	976	767
193	431	293	950	977	978
294	432	194	979	947	980
207	279	308	981	982	621
205	307	280	626	983	984
172	368	535	985	986	987
171	536	367	988	989	990
212	309	279	643	991	992
211	280	310	993	994	644
187	389	464	995	996	997
189	390	463	998	999	1000
139	308	279	1001	982	1002
137	280	307	1003	983	1004
195	523	277	1005	1006	775
196	278	524	778	1007	1008
175	391	274	1009	1010	1011
176	273	392	1012	1013	1014
179	272	393	1015	1016	1017
178	270	394	1018	1019	1020
180	395	271	1021	1022	1023
177	396	269	1024	1025	1026
263	416	169	1027	851	577
264	415	170	1028	853	580
139	279	309	1002	991	1029
137	310	280	1030	994	1003
198	352	256	1031	1032	749
197	353	255	1033	1034	745
199	257	351	744	1035	1036
258	354	200	1037	1038	747
185	339	459	943	1039	1040
340	186	460	946	1041	1042
231	322	261	728	1043	1044
232	261	319	1045	1046	729
262	229	321	1047	724	1048
262	320	230	1049	725	1050
234	323	265	722	1051	1052
266	324	233	1053	719	1054
242	368	339	1055	1056	1057
340	367	241	1058	1059	1060
231	261	503	1044	1061	1062
232	504	261	1063	1064	1045
262	230	502	1050	1065	1066
262	501	229	1067	1068	1047
103	104	282	131	1069	1070
48	49	281	76	1071	1072
171	367	499	990	1073	1074
172	500	368	1075	1076	985
47	426	253	1077	547	844
102	425	254	1078	544	841
193	413	267	1079	955	1080
194	268	414	1081	954	1082
101	102	408	129	843	937
46	47	407	74	846	939
263	245	495	576	1083	737
264	246	496	579	1084	740
166	339	368	1085	1056	1086
340	165	367	1087	1088	1058
339	522	459	1089	1090	1039
340	460	521	1042	1091	1092
142	319	261	1093	1046	1094
142	261	322	1094	1043	1095
262	141	320	1096	1097	1049
262	321	141	1048	1098	1096
108	255	353	604	1034	1099
53	256	352	606	1032	1100
96	351	257	1101	1035	609
41	354	258	1102	1037	607
177	386	283	1103	1104	1105
284	384	178	1106	1107	1108
180	385	285	1109	1110	1111
179	286	383	1112	1113	1114
176	287	382	1115	1116	1117
175	381	288	1118	1119	1120
181	453	516	1121	1122	1123
183	515	455	1124	1125	1126
5	1	518	10	1127	1128
17	517	18	1129	1130	23
35	400	259	1131	1132	573
86	260	399	572	1133	1134
234	265	506	1052	1135	1136
266	233	505	1054	1137	1138
182	305	349	1139	1140	538
306	184	350	1141	541	1142
1	441	518	1143	1144	1127
18	517	439	1130	1145	1146
301	507	228	1147	1148	1149
302	508	227	1150	1151	1152
220	337	401	1153	1154	1155
219	402	338	1156	1157	1158
142	463	496	1159	741	1160
141	464	495	1161	738	1162
301	209	513	620	1163	1164
210	514	302	1165	1166	615
138	265	323	1167	1051	1168
140	324	266	1169	1053	1170
177	269	357	1026	865	1171
178	358	270	1172	862	1018
180	271	359	1023	863	1173
179	360	272	1174	860	1015
181	516	337	1123	1175	957
183	338	515	962	1176	1124
176	361	273	1177	858	1012
175	274	362	1011	855	1178
177	357	313	1171	1179	1180
180	359	315	1173	1181	1182
178	314	358	1183	1184	1172
179	316	360	1185	1186	1174
174	508	302	1187	1150	1188
301	173	507	1189	1190	1147
149	290	419	1191	1192	1193
151	289	420	1194	1195	1196
176	312	361	1197	1198	1177
175	362	311	1178	1199	1200
215	305	341	1201	1202	837
216	342	306	840	1203	1204
3	27	293	54	1205	701
94	95	294	122	704	1206
162	401	337	1207	1154	1208
164	338	402	1209	1157	1210
208	478	265	1211	1212	1213
206	266	477	1214	1215	1216
200	296	409	1217	1218	1219
199	295	410	1220	1221	1222
153	417	297	1223	1224	1225
154	298	418	1226	1227	1228
152	302	390	698	1229	1230
301	389	150	1231	1232	699
168	398	267	1233	1234	901
167	268	397	900	1235	1236
357	442	313	1237	1238	1179
359	441	315	1239	1240	1181
358	314	440	1184	1241	1242
360	316	439	1186	1243	1244
158	269	479	866	1245	1246
156	480	270	1247	1248	861
263	228	507	764	1148	1249
264	227	508	766	1151	1250
157	271	477	864	1251	1252
155	478	272	1253	1254	859
158	483	273	1255	1256	857
156	274	484	856	1257	1258
182	454	341	1259	911	1260
184	342	456	1261	910	1262
361	312	438	1198	1263	1264
311	362	437	1199	1265	1266
324	512	192	1267	734	720
191	511	323	733	1268	721
138	350	265	1269	1270	1167
140	266	349	1170	1271	1272
208	265	350	1213	1270	540
206	349	266	539	1271	1214
252	453	325	887	1273	825
326	251	454	823	884	1274
327	455	250	1275	881	822
328	456	249	1276	878	820
37	38	299	65	1277	1278
83	84	300	111	1279	1280
248	333	459	796	1281	923
247	460	334	928	1282	793
193	267	398	1080	1234	639
194	397	268	638	1235	1081
141	510	320	1283	1284	1097
142	509	319	1285	1286	1093
202	419	290	1287	1192	1288
201	420	289	1289	1195	1290
141	495	510	1162	1291	1283
142	496	509	1160	1292	1285
205	479	269	1293	1245	1294
207	270	480	1295	1248	1296
181	325	453	754	1273	1121
182	326	454	550	1274	1259
183	455	327	1126	1275	751
184	456	328	1262	1276	551
206	477	271	1216	1251	1297
208	272	478	1298	1254	1211
211	273	483	1299	1256	1300
212	484	274	1301	1257	1302
201	282	444	1303	1304	1305
202	281	443	1306	1307	1308
321	187	464	723	997	1309
189	463	322	1000	1310	727
203	297	417	1311	1224	1312
204	418	298	1313	1227	1314
36	435	400	1315	1316	1317
85	399	436	1318	1319	1320
173	303	407	1321	940	903
174	304	408	1322	938	904
155	287	506	1323	1324	1325
157	505	288	1326	1327	1328
219	379	536	1329	1330	1331
220	535	380	1332	1333	1334
160	502	283	1335	1336	1337
160	284	501	1338	1339	1340
159	504	285	1341	1342	1343
159	286	503	1344	1345	1346
185	459	333	1040	1281	769
186	334	460	768	1282	1041
201	275	420	1347	1348	1289
202	276	419	1349	1350	1287
204	277	418	1351	1352	1313
203	417	278	1312	1353	1354
104	444	282	1355	1304	1069
49	443	281	1356	1307	1071
212	279	484	992	1357	1301
211	483	280	1300	1358	993
207	480	279	1296	1359	981
205	280	479	984	1360	1293
39	40	404	67	774	827
82	403	4	832	771	109
228	464	389	763	996	1361
227	463	390	765	999	1362
5	311	6	1363	1364	11
17	16	312	22	1365	1366
9	313	2	668	1367	15
7	314	8	1368	660	13
19	18	316	24	1369	657
1	20	315	26	665	1370
234	506	287	1136	1324	1371
233	288	505	1372	1327	1137
230	283	502	1373	1336	1065
284	229	501	1374	1068	1339
232	285	504	1375	1342	1063
231	503	286	1062	1345	1376
177	283	396	1105	1377	1024
284	178	394	1108	1020	1378
180	285	395	1111	1379	1021
179	393	286	1017	1380	1112
176	392	287	1014	1381	1115
175	288	391	1120	1382	1009
201	526	275	1383	1384	1347
202	525	276	1385	1386	1349
274	391	465	1010	1387	1388
273	466	392	1389	1390	1013
219	536	497	1331	1391	1392
220	498	535	1393	1394	1332
272	467	393	1395	1396	1016
395	470	271	1397	1398	1022
394	270	468	1019	1399	1400
396	469	269	1401	1402	1025
235	460	529	1403	927	1404
236	530	459	1405	924	1406
204	424	277	1407	1408	1351
203	278	423	1354	1409	1410
217	400	435	1411	1316	1412
218	436	399	1413	1319	1414
106	429	275	1415	1416	1417
51	430	276	1418	1419	1420
32	277	424	591	1408	1421
89	423	278	1422	1409	592
169	281	472	584	1423	1424
170	282	471	582	1425	1426
200	409	365	1219	1427	1428
199	410	363	1222	1429	1430
237	531	456	1431	929	909
239	532	455	1432	931	1433
238	454	533	912	934	1434
240	453	534	1435	936	1436
106	275	526	1417	1384	1437
51	276	525	1420	1386	1438
224	440	437	1439	780	1440
226	438	442	1441	781	1442
154	418	355	1228	1443	1444
356	417	153	1445	1223	1446
193	293	413	978	1447	1079
294	194	414	980	1082	1448
149	377	290	1449	1450	1191
151	378	289	1451	1452	1194
202	472	281	1453	1423	1306
201	471	282	1454	1425	1303
222	476	384	1455	802	1456
221	475	383	1457	800	1458
222	386	476	1459	805	1455
221	385	475	1460	803	1457
245	290	377	716	1450	1461
246	289	378	718	1452	1462
167	297	473	649	1463	1464
168	474	298	1465	1466	650
205	269	469	1294	1402	1467
206	271	470	1297	1398	1468
207	468	270	1469	1399	1295
208	467	272	1470	1395	1298
331	190	378	915	1471	1472
188	377	329	1473	1474	916
211	466	273	1475	1389	1299
212	274	465	1302	1388	1476
150	389	330	1232	1477	1478
332	152	390	1479	1230	1480
302	227	390	1152	1362	1229
301	228	389	1149	1361	1231
149	528	366	1481	1482	1483
151	527	364	1484	1485	1486
210	410	295	617	1221	1487
209	409	296	619	1218	1488
153	297	387	1225	1489	1490
154	388	298	1491	1492	1226
160	283	447	1337	1493	1494
160	448	284	1495	1496	1338
159	285	446	1343	1497	1498
159	445	286	1499	1500	1344
155	449	287	760	1501	1323
157	288	450	1328	1502	761
191	335	387	908	1503	783
192	388	336	786	1504	905
355	418	523	1443	1505	1506
356	524	417	1507	1508	1445
149	419	528	1193	1509	1481
151	420	527	1196	1510	1484
27	413	293	1511	1447	1205
94	294	414	1206	1448	1512
243	387	297	784	1489	648
244	298	388	651	1492	785
182	341	305	1260	1202	1139
306	342	184	1203	1261	1141
138	306	350	1513	1142	1269
140	349	305	1272	1140	1514
48	281	426	1072	583	1515
103	282	425	1070	581	1516
168	291	474	902	1517	1465
167	473	292	1464	1518	899
200	491	296	1519	1520	1217
199	492	295	1521	1522	1220
190	509	378	1523	1524	1471
188	510	377	1525	1526	1473
169	472	290	1424	1527	715
170	471	289	1426	1528	717
197	527	429	1529	1530	1531
198	528	430	1532	1533	1534
204	474	291	1535	1517	1536
203	292	473	1537	1518	1538
98	295	492	1539	1522	1540
43	296	491	1541	1520	1542
204	291	451	1536	1543	1544
203	452	292	1545	1546	1537
340	241	433	1060	1547	944
242	339	434	1057	942	1548
230	487	283	1549	1550	1373
284	488	229	1551	1552	1374
231	286	490	1376	1553	1554
232	489	285	1555	1556	1375
214	498	401	1557	1558	1559
213	402	497	1560	1561	1562
171	299	485	1563	1564	1565
172	486	300	1566	1567	1568
234	287	493	1371	1569	1570
233	494	288	1571	1572	1372
255	293	431	702	977	849
294	257	432	703	848	979
283	386	447	1104	1573	1493
284	448	384	1496	1574	1106
285	385	446	1110	1575	1497
286	445	383	1500	1576	1113
82	83	406	110	1577	830
38	39	405	66	829	1578
107	108	353	135	1099	1579
52	53	352	80	1100	1580
41	42	354	69	1581	1102
96	97	351	124	1582	1101
242	535	368	1583	986	1055
241	367	536	1059	989	1584
287	449	382	1501	1585	1116
288	381	450	1119	1586	1502
214	486	498	1587	1588	1557
213	497	485	1562	1589	1590
84	85	436	112	1320	1591
37	435	36	1592	1315	64
210	295	519	1487	1593	1594
209	296	520	1488	1595	1596
172	300	500	1568	1597	1075
171	499	299	1074	1598	1563
47	48	426	75	1515	1077
102	103	425	130	1516	1078
38	405	299	1578	1599	1277
83	300	406	1280	1600	1577
91	292	452	797	1546	1601
30	451	291	1602	1543	798
275	429	527	1416	1530	1603
276	430	528	1419	1533	1604
51	52	430	79	1605	1418
106	107	429	134	1606	1415
31	32	424	59	1421	1607
89	90	423	117	1608	1422
43	520	296	1609	1595	1541
98	519	295	1610	1593	1539
138	511	481	1611	966	1612
140	482	512	1613	969	1614
220	422	337	1615	958	1153
219	338	421	1158	961	1616
50	51	525	78	1438	1617
105	106	526	133	1437	1618
149	329	377	1619	1474	1449
331	378	151	1472	1451	1620
145	469	396	1621	1401	1622
147	470	395	1623	1397	1624
146	394	468	1625	1400	1626
148	393	467	1627	1396	1628
97	98	492	125	1540	1629
42	43	491	70	1542	1630
35	36	400	63	1317	1131
85	86	399	113	1134	1318
217	499	367	1631	1073	1632
218	368	500	1633	1076	1634
144	392	466	1635	1390	1636
143	465	391	1637	1387	1638
201	289	471	1290	1528	1454
202	290	472	1288	1527	1453
153	387	335	1490	1503	1639
154	336	388	1640	1504	1491
140	305	482	1514	1641	1613
138	481	306	1612	1642	1513
33	34	411	61	614	553
87	88	412	115	558	611
28	413	27	956	1511	55
93	94	414	121	1512	953
167	397	317	1236	972	889
168	318	398	892	973	1233
187	330	389	914	1477	995
332	390	189	1480	998	913
37	299	435	1278	1643	1592
84	436	300	1591	1644	1279
175	311	381	1200	1645	1118
176	382	312	1117	1646	1197
17	312	517	1366	1647	1129
5	518	311	1128	1648	1363
179	383	316	1114	799	1185
178	384	314	1107	801	1183
177	313	386	1180	806	1103
180	315	385	1182	804	1109
203	473	297	1538	1463	1311
204	298	474	1314	1466	1535
139	421	308	1649	964	1001
137	307	422	1004	963	1650
90	91	452	118	1601	1651
30	31	451	58	1652	1602
43	44	520	71	1653	1609
98	99	519	126	1654	1610
173	513	303	1655	1656	1321
174	514	304	1657	1658	1322
99	100	458	127	1659	1660
44	45	457	72	1661	1662
215	482	305	1663	1641	1201
216	306	481	1204	1642	1664
197	429	353	1531	1665	1033
198	430	352	1534	1666	1031
195	376	355	706	1667	1668
356	375	196	1669	707	1670
100	304	458	918	1671	1659
45	303	457	920	1672	1661
209	303	513	1673	1656	1163
210	304	514	1674	1658	1165
148	467	328	1628	1675	819
146	468	327	1626	1676	821
147	326	470	824	1677	1623
145	325	469	826	1678	1621
143	334	465	794	1679	1637
144	466	333	1636	1680	795
246	378	509	1462	1524	1681
245	377	510	1461	1526	1682
356	236	375	1683	1684	1669
235	355	376	1685	1667	1686
240	366	369	1687	1688	1689
238	364	370	1690	1691	655
239	371	365	1692	1693	1694
237	372	363	654	1695	1696
209	457	303	1697	1672	1673
210	458	304	1698	1671	1674
49	50	443	77	1699	1356
104	105	444	132	1700	1355
139	309	433	1029	976	1701
137	434	310	1702	975	1030
208	328	467	552	1675	1470
207	327	468	623	1676	1469
206	470	326	1468	1677	549
205	469	325	1467	1678	624
212	465	334	1476	1679	641
211	333	466	646	1680	1475
139	379	421	1703	1704	1649
137	422	380	1650	1705	1706
6	311	437	1364	1266	779
16	438	312	782	1263	1365
18	439	316	1146	1243	1369
7	440	314	634	1241	1368
2	313	442	1367	1238	635
1	315	441	1370	1240	1143
200	354	491	1038	1707	1519
199	351	492	1036	1708	1521
236	459	522	1406	1090	1709
235	521	460	1710	1091	1403
199	363	372	1430	1695	743
197	370	364	746	1691	1711
200	365	371	1428	1693	748
198	369	366	750	1688	1712
218	399	461	1414	1713	1714
217	462	400	1715	1716	1411
225	518	441	1717	1144	1718
223	439	517	1719	1145	1720
260	461	399	758	1713	1133
259	400	462	1132	1716	755
216	481	317	1664	965	971
215	318	482	974	970	1663
240	516	453	1721	1122	1435
239	455	515	1433	1125	1722
152	363	410	1723	1429	697
150	365	409	1724	1427	700
301	513	173	1164	1655	1189
174	302	514	1188	1166	1657
139	433	379	1701	1725	1703
137	380	434	1706	1726	1702
9	8	476	14	662	666
20	19	475	25	659	663
245	510	495	1682	1291	1083
246	509	496	1681	1292	1084
145	487	344	1727	1728	816
146	343	488	812	1729	1730
147	489	346	1731	1732	813
148	345	490	809	1733	1734
219	421	379	1616	1704	1329
220	380	422	1334	1705	1615
142	322	463	1095	1310	1159
321	464	141	1309	1161	1098
357	226	442	595	1442	1237
225	441	359	1718	1239	630
224	358	440	594	1242	1439
223	360	439	629	1244	1719
144	347	493	792	1735	1736
143	494	348	1737	1738	787
230	344	487	673	1728	1549
229	488	343	1552	1729	670
232	346	489	679	1732	1555
231	490	345	1554	1733	676
226	361	438	589	1264	1441
224	437	362	1440	1265	586
234	493	347	1570	1735	713
233	348	494	710	1738	1571
241	379	433	1739	1725	1547
242	434	380	1548	1726	1740
190	319	509	730	1286	1523
188	320	510	726	1284	1525
165	462	367	756	1741	1088
166	368	461	1086	1742	757
138	323	511	1168	1268	1611
140	512	324	1614	1267	1169
312	382	517	1646	1743	1647
311	518	381	1648	1744	1645
201	444	526	1305	1745	1383
202	443	525	1308	1746	1385
107	353	429	1579	1665	1606
52	352	430	1580	1666	1605
214	428	403	1747	1748	835
213	404	427	834	1749	1750
217	367	462	1632	1741	1715
218	461	368	1714	1742	1633
256	403	428	772	1748	893
258	427	404	896	1749	773
164	402	427	1210	1751	895
162	428	401	894	1752	1207
299	405	485	1599	1753	1564
300	486	406	1567	1754	1600
161	431	373	850	949	921
163	374	432	922	948	847
204	451	424	1544	1755	1407
203	423	452	1410	1756	1545
162	337	516	1208	1175	1757
164	515	338	1758	1176	1209
240	369	516	1689	1759	1721
239	515	371	1722	1760	1692
288	494	391	1572	1761	1382
287	392	493	1381	1762	1569
213	427	402	1750	1751	1560
214	401	428	1559	1752	1747
286	393	490	1380	1763	1553
284	394	488	1378	1764	1551
395	285	489	1379	1556	1765
396	283	487	1377	1550	1766
162	516	369	1757	1759	691
164	371	515	695	1760	1758
356	530	236	1767	1405	1683
235	529	355	1404	1768	1685
149	534	329	1769	935	1619
150	330	532	1478	932	1770
331	151	533	1620	1771	933
332	531	152	930	1772	1479
171	497	536	1773	1391	988
172	535	498	987	1394	1774
221	383	445	1458	1576	1775
221	446	385	1776	1575	1460
222	384	448	1456	1574	1777
222	447	386	1778	1573	1459
223	382	449	1779	1585	627
225	450	381	632	1586	1780
356	153	530	1446	1781	1767
154	355	529	1444	1768	1782
153	335	530	1639	951	1781
154	529	336	1782	952	1640
221	445	446	1775	1783	1776
222	448	447	1777	1784	1778
166	522	339	1785	1089	1085
340	521	165	1092	1786	1087
240	534	366	1436	1787	1687
238	533	364	1434	1788	1690
237	363	531	1696	1789	1431
239	365	532	1694	1790	1432
236	522	375	1709	1791	1684
235	376	521	1686	1792	1710
97	492	351	1629	1708	1582
42	491	354	1630	1707	1581
152	531	363	1772	1789	1723
149	366	534	1483	1787	1769
151	364	533	1486	1788	1771
150	532	365	1770	1790	1724
210	519	458	1594	1793	1698
209	520	457	1596	1794	1697
213	485	405	1590	1753	833
214	406	486	836	1754	1587
166	375	522	686	1791	1785
165	521	376	1786	1792	681
174	415	508	872	1795	1187
173	416	507	870	1796	1190
219	497	402	1392	1561	1156
220	401	498	1155	1558	1393
31	424	451	1607	1755	1652
90	452	423	1651	1756	1608
159	446	445	1498	1783	1499
160	447	448	1494	1784	1495
145	396	487	1622	1766	1727
146	488	394	1730	1764	1625
147	395	489	1624	1765	1731
148	490	393	1734	1763	1627
144	493	392	1736	1762	1635
143	391	494	1638	1761	1737
264	508	415	1250	1795	1028
263	507	416	1249	1796	1027
195	355	523	1668	1506	1005
356	196	524	1670	1008	1507
156	484	480	1258	1797	1247
158	479	483	1246	1798	1255
225	381	518	1780	1744	1717
223	517	382	1720	1743	1779
197	364	527	1711	1485	1529
198	366	528	1712	1482	1532
155	506	478	1325	1799	1253
157	477	505	1252	1800	1326
241	536	379	1584	1330	1739
242	380	535	1740	1333	1583
279	480	484	1359	1797	1357
280	483	479	1358	1798	1360
217	435	499	1412	1801	1631
218	500	436	1634	1802	1413
172	498	486	1774	1588	1566
171	485	497	1565	1589	1773
159	503	504	1346	1803	1341
160	501	502	1340	1804	1335
299	499	435	1598	1801	1643
300	436	500	1644	1802	1597
265	478	506	1212	1799	1135
266	505	477	1138	1800	1215
261	504	503	1064	1803	1061
262	502	501	1066	1804	1067
278	417	524	1353	1508	1007
277	523	418	1006	1505	1352
275	527	420	1603	1510	1348
276	528	419	1604	1509	1350
50	525	443	1617	1746	1699
105	526	444	1618	1745	1700
99	458	519	1660	1793	1654
44	457	520	1662	1794	1653

--------------------------------------------------------------------------------
NUMBER OF BOUNDARY TYPES        TOTAL NUMBER OF ELEMENTS
--------------------------------------------------------------------------------
2                               68

--------------------------------------------------------------------------------
BOUNDARY 1        CONSTRAINS (0-free 1-const 2-glue)  VALUES (default = 0.)
NUMB. OF ELEM.    Ux     Uy     Uz                    Ux     Uy     Uz  
--------------------------------------------------------------------------------
12                1      1      0                     0.     0.     0.

--------------------------------------------------------------------------------
BOUNDARY 1 - CONNECTIVITY
--------------------------------------------------------------------------------
1	5	10
5	6	11
6	7	12
7	8	13
8	9	14
9	2	15
2	16	21
16	17	22
17	18	23
18	19	24
19	20	25
20	1	26

--------------------------------------------------------------------------------
BOUNDARY 2        CONSTRAINS (0-free 1-const 2-glue)  VALUES (default = 0.)
NUMB. OF ELEM.    Ux     Uy     Uz                    Ux     Uy     Uz  
--------------------------------------------------------------------------------
56                2      2      0                     0.     0.     0.

--------------------------------------------------------------------------------
BOUNDARY 2 - CONNECTIVITY
--------------------------------------------------------------------------------
3	27	54
27	28	55
28	29	56
29	30	57
30	31	58
31	32	59
32	33	60
33	34	61
34	35	62
35	36	63
36	37	64
37	38	65
38	39	66
39	40	67
40	41	68
41	42	69
42	43	70
43	44	71
44	45	72
45	46	73
46	47	74
47	48	75
48	49	76
49	50	77
50	51	78
51	52	79
52	53	80
53	4	81
4	82	109
82	83	110
83	84	111
84	85	112
85	86	113
86	87	114
87	88	115
88	89	116
89	90	117
90	91	118
91	92	119
92	93	120
93	94	121
94	95	122
95	96	123
96	97	124
97	98	125
98	99	126
99	100	127
100	101	128
101	102	129
102	103	130
103	104	131
104	105	132
105	106	133
106	107	134
107	108	135
108	3	136


