--------------------------------------------------------------------------------
ELEMENTS        NODES        TIME STEPS     PRINTING FREQ
--------------------------------------------------------------------------------
648             1368         100000         1

--------------------------------------------------------------------------------
UNDISTURBED VELOCITY AND PRESSURE
Ux      Uy      Uz      P
--------------------------------------------------------------------------------
1.0     0.0     0.0     0.0

--------------------------------------------------------------------------------
DENSITY      TEMPERATURE      VISCOSITY      THERMAL CONDITIVITY
--------------------------------------------------------------------------------
1.E0         300              0.01           0.0

--------------------------------------------------------------------------------
TIME STEP       TIME INTEGRATION SCHEME (1- Implicit Euler, 2- Adams-Bashforth)
--------------------------------------------------------------------------------
0.10            0.5

--------------------------------------------------------------------------------
EXTERNAL FIELD FORCES CONSTANTS
Gx       Gy       Gz
--------------------------------------------------------------------------------
0.0      0.0      0.0

--------------------------------------------------------------------------------
NODAL COORDINATES
--------------------------------------------------------------------------------
4	4.5
4	3.5
4.5	4
3.5	4
1.5	4
4	1.5
6.5	4
4	6.5
4.492403877	4.086824089
4.46984631	4.171010072
4.433012702	4.25
4.383022222	4.321393805
4.321393805	4.383022222
4.25	4.433012702
4.171010072	4.46984631
4.086824089	4.492403877
4.498097349	4.043577871
4.482962913	4.129409523
4.453153894	4.211309131
4.409576022	4.286788218
4.353553391	4.353553391
4.286788218	4.409576022
4.211309131	4.453153894
4.129409523	4.482962913
4.043577871	4.498097349
3.913175911	4.492403877
3.828989928	4.46984631
3.75	4.433012702
3.678606195	4.383022222
3.616977778	4.321393805
3.566987298	4.25
3.53015369	4.171010072
3.507596123	4.086824089
3.956422129	4.498097349
3.870590477	4.482962913
3.788690869	4.453153894
3.713211782	4.409576022
3.646446609	4.353553391
3.590423978	4.286788218
3.546846106	4.211309131
3.517037087	4.129409523
3.501902651	4.043577871
3.507596123	3.913175911
3.53015369	3.828989928
3.566987298	3.75
3.616977778	3.678606195
3.678606195	3.616977778
3.75	3.566987298
3.828989928	3.53015369
3.913175911	3.507596123
3.501902651	3.956422129
3.517037087	3.870590477
3.546846106	3.788690869
3.590423978	3.713211782
3.646446609	3.646446609
3.713211782	3.590423978
3.788690869	3.546846106
3.870590477	3.517037087
3.956422129	3.501902651
4.086824089	3.507596123
4.171010072	3.53015369
4.25	3.566987298
4.321393805	3.616977778
4.383022222	3.678606195
4.433012702	3.75
4.46984631	3.828989928
4.492403877	3.913175911
4.043577871	3.501902651
4.129409523	3.517037087
4.211309131	3.546846106
4.286788218	3.590423978
4.353553391	3.646446609
4.409576022	3.713211782
4.453153894	3.788690869
4.482962913	3.870590477
4.498097349	3.956422129
3.565879556	6.462019383
3.144949642	6.349231552
2.75	6.165063509
2.393030976	5.915111108
2.084888892	5.606969024
1.834936491	5.25
1.650768448	4.855050358
1.537980617	4.434120444
3.782110643	6.490486745
3.352952387	6.414814566
2.943454346	6.265769468
2.566058909	6.047880111
2.232233047	5.767766953
1.952119889	5.433941091
1.734230532	5.056545654
1.585185434	4.647047613
1.509513255	4.217889357
1.537980617	3.565879556
1.650768448	3.144949642
1.834936491	2.75
2.084888892	2.393030976
2.393030976	2.084888892
2.75	1.834936491
3.144949642	1.650768448
3.565879556	1.537980617
1.509513255	3.782110643
1.585185434	3.352952387
1.734230532	2.943454346
1.952119889	2.566058909
2.232233047	2.232233047
2.566058909	1.952119889
2.943454346	1.734230532
3.352952387	1.585185434
3.782110643	1.509513255
4.434120444	1.537980617
4.855050358	1.650768448
5.25	1.834936491
5.606969024	2.084888892
5.915111108	2.393030976
6.165063509	2.75
6.349231552	3.144949642
6.462019383	3.565879556
4.217889357	1.509513255
4.647047613	1.585185434
5.056545654	1.734230532
5.433941091	1.952119889
5.767766953	2.232233047
6.047880111	2.566058909
6.265769468	2.943454346
6.414814566	3.352952387
6.490486745	3.782110643
6.462019383	4.434120444
6.349231552	4.855050358
6.165063509	5.25
5.915111108	5.606969024
5.606969024	5.915111108
5.25	6.165063509
4.855050358	6.349231552
4.434120444	6.462019383
6.490486745	4.217889357
6.414814566	4.647047613
6.265769468	5.056545654
6.047880111	5.433941091
5.767766953	5.767766953
5.433941091	6.047880111
5.056545654	6.265769468
4.647047613	6.414814566
4.217889357	6.490486745
4	6.277777778
4	6.055555556
4	5.833333333
4	5.611111111
4	5.388888889
4	5.166666667
4	4.944444444
4	4.722222222
4	6.388888889
4	6.166666667
4	5.944444444
4	5.722222222
4	5.5
4	5.277777778
4	5.055555556
4	4.833333333
4	4.611111111
3.277777778	4
3.055555556	4
2.833333333	4
2.611111111	4
2.388888889	4
2.166666667	4
1.944444444	4
1.722222222	4
3.388888889	4
3.166666667	4
2.944444444	4
2.722222222	4
2.5	4
2.277777778	4
2.055555556	4
1.833333333	4
1.611111111	4
4	3.277777778
4	3.055555556
4	2.833333333
4	2.611111111
4	2.388888889
4	2.166666667
4	1.944444444
4	1.722222222
4	3.388888889
4	3.166666667
4	2.944444444
4	2.722222222
4	2.5
4	2.277777778
4	2.055555556
4	1.833333333
4	1.611111111
4.722222222	4
4.944444444	4
5.166666667	4
5.388888889	4
5.611111111	4
5.833333333	4
6.055555556	4
6.277777778	4
4.611111111	4
4.833333333	4
5.055555556	4
5.277777778	4
5.5	4
5.722222222	4
5.944444444	4
6.166666667	4
6.388888889	4
3.60446804	6.243173215
3.643056524	6.024327048
3.681645008	5.805480881
3.720233492	5.586634713
3.758821975	5.367788546
3.797410459	5.148942379
3.835998943	4.930096211
3.874587427	4.711250044
3.220954118	6.14041097
3.296958594	5.931590387
3.372963071	5.722769805
3.448967547	5.513949222
3.524972023	5.30512864
3.600976499	5.096308058
3.676980976	4.887487475
3.752985452	4.678666893
2.861111111	5.97261342
2.972222222	5.78016333
3.083333333	5.58771324
3.194444444	5.395263151
3.305555556	5.202813061
3.416666667	5.010362971
3.527777778	4.817912881
3.638888889	4.625462792
2.535872667	5.744879009
2.678714358	5.574646911
2.821556049	5.404414812
2.96439774	5.234182714
3.107239431	5.063950615
3.250081122	4.893718517
3.392922813	4.723486419
3.535764504	4.55325432
2.255120991	5.464127333
2.425353089	5.321285642
2.595585188	5.178443951
2.765817286	5.03560226
2.936049385	4.892760569
3.106281483	4.749918878
3.276513582	4.607077187
3.44674568	4.464235496
2.02738658	5.138888889
2.21983667	5.027777778
2.41228676	4.916666667
2.604736849	4.805555556
2.797186939	4.694444444
2.989637029	4.583333333
3.182087119	4.472222222
3.374537208	4.361111111
1.85958903	4.779045882
2.068409613	4.703041406
2.277230195	4.627036929
2.486050778	4.551032453
2.69487136	4.475027977
2.903691942	4.399023501
3.112512525	4.323019024
3.321333107	4.247014548
1.756826785	4.39553196
1.975672952	4.356943476
2.194519119	4.318354992
2.413365287	4.279766508
2.632211454	4.241178025
2.851057621	4.202589541
3.069903789	4.164001057
3.288749956	4.125412573
3.782939778	6.36989858
3.585173798	6.352596299
3.80223402	6.260475496
3.80223402	6.149364385
3.623762282	6.133750132
3.821528262	6.039941302
3.821528262	5.928830191
3.662350766	5.914903964
3.840822504	5.819407107
3.840822504	5.708295996
3.70093925	5.696057797
3.860116746	5.598872912
3.860116746	5.487761801
3.739527734	5.47721163
3.879410988	5.378338717
3.879410988	5.267227606
3.778116217	5.258365462
3.89870523	5.157804523
3.89870523	5.046693411
3.816704701	5.039519295
3.917999472	4.937270328
3.917999472	4.826159217
3.855293185	4.820673128
3.937293714	4.716736133
3.937293714	4.605625022
3.893881669	4.60182696
3.374708841	6.296202384
3.18295188	6.244821261
3.412711079	6.191792092
3.432005321	6.082369009
3.258956356	6.036000678
3.470007559	5.977958718
3.489301801	5.868535634
3.334960832	5.827180096
3.527304039	5.764125343
3.546598281	5.654702259
3.410965309	5.618359514
3.584600519	5.550291968
3.603894761	5.440868884
3.486969785	5.409538931
3.641896999	5.336458593
3.661191241	5.227035509
3.562974261	5.200718349
3.699193479	5.122625218
3.718487721	5.013202134
3.638978738	4.991897766
3.75648996	4.908791843
3.775784201	4.79936876
3.714983214	4.783077184
3.81378644	4.694958468
3.833080682	4.585535385
3.79098769	4.574256602
2.985477059	6.15273724
2.805555556	6.068838465
3.041032615	6.056512195
3.079034853	5.952101903
2.916666667	5.876388375
3.134590408	5.855876859
3.172592646	5.751466567
3.027777778	5.683938285
3.228148202	5.655241523
3.26615044	5.550831231
3.138888889	5.491488195
3.321705996	5.454606186
3.359708234	5.350195895
3.25	5.299038106
3.415263789	5.25397085
3.453266028	5.149560559
3.361111111	5.106588016
3.508821583	5.053335514
3.546823821	4.948925223
3.472222222	4.914137926
3.602379377	4.852700178
3.640381615	4.748289887
3.583333333	4.721687836
3.69593717	4.652064842
3.733939409	4.547654551
3.694444444	4.529237747
2.627071043	5.943862264
2.464451821	5.829995059
2.698491889	5.858746215
2.754047445	5.76252117
2.607293512	5.65976296
2.82546829	5.67740512
2.881023846	5.581180076
2.750135203	5.489530862
2.952444691	5.496064026
3.008000247	5.399838981
2.892976894	5.319298763
3.079421092	5.314722932
3.134976648	5.218497887
3.035818585	5.149066665
3.206397493	5.133381838
3.261953049	5.037156793
3.178660277	4.978834566
3.333373894	4.952040744
3.38892945	4.855815699
3.321501968	4.808602468
3.460350295	4.77069965
3.515905851	4.674474605
3.464343659	4.638370369
3.587326697	4.589358556
3.642882252	4.493133511
3.60718535	4.468138271
2.31038078	5.675924017
2.170004941	5.535548179
2.395496829	5.604503171
2.466917674	5.519387122
2.34023704	5.392706488
2.552033724	5.447966276
2.623454569	5.362850227
2.510469138	5.249864797
2.708570618	5.291429382
2.779991464	5.206313333
2.680701237	5.107023106
2.865107513	5.134892487
2.936528359	5.049776438
2.850933335	4.964181415
3.021644408	4.978355592
3.093065253	4.893239543
3.021165434	4.821339723
3.178181303	4.821818697
3.249602148	4.736702648
3.191397532	4.678498032
3.334718197	4.665281803
3.406139043	4.580165753
3.361629631	4.535656341
3.491255092	4.508744908
3.562675938	4.423628859
3.531861729	4.39281465
2.045028741	5.357063667
1.931161535	5.194444444
2.141253785	5.301508111
2.226369835	5.230087266
2.123611625	5.083333333
2.32259488	5.17453171
2.407710929	5.103110864
2.316061715	4.972222222
2.503935974	5.047555309
2.589052023	4.976134463
2.508511805	4.861111111
2.685277068	4.920578908
2.770393117	4.849158062
2.700961894	4.75
2.866618162	4.793602507
2.951734211	4.722181661
2.893411984	4.638888889
3.047959256	4.666626106
3.133075305	4.59520526
3.085862074	4.527777778
3.22930035	4.539649705
3.314416399	4.468228859
3.278312164	4.416666667
3.410641444	4.412673303
3.495757493	4.341252458
3.470762253	4.305555556
1.839077514	4.996969624
1.755178739	4.81704812
1.943487805	4.958967385
2.03971285	4.90341183
1.963999322	4.741043644
2.144123141	4.865409592
2.240348186	4.809854036
2.172819904	4.665039168
2.344758477	4.771851798
2.440983522	4.716296242
2.381640486	4.589034691
2.545393814	4.678294004
2.641618858	4.622738449
2.590461069	4.513030215
2.74602915	4.584736211
2.842254194	4.529180655
2.799281651	4.437025739
2.946664486	4.491178417
3.042889531	4.435622861
3.008102234	4.361021262
3.147299822	4.397620623
3.243524867	4.342065068
3.216922816	4.285016786
3.347935158	4.30406283
3.444160203	4.248507274
3.425743398	4.20901231
1.698784824	4.606583163
1.647403701	4.414826202
1.808207908	4.587288921
1.912618199	4.549286683
1.866249868	4.376237718
2.022041282	4.529992441
2.126451574	4.491990203
2.085096036	4.337649234
2.235874657	4.472695961
2.340284949	4.434693723
2.303942203	4.29906075
2.449708032	4.415399481
2.554118323	4.377397243
2.52278837	4.260472267
2.663541407	4.358103001
2.767951698	4.320100763
2.741634538	4.221883783
2.877374782	4.300806521
2.981785073	4.262804282
2.960480705	4.183295299
3.091208157	4.24351004
3.195618448	4.205507802
3.179326872	4.144706815
3.305041532	4.18621356
3.409451823	4.148211322
3.39817304	4.106118331
1.628413392	4.19776598
1.739524504	4.19776598
1.848947587	4.178471738
1.960058698	4.178471738
2.069481782	4.159177496
2.180592893	4.159177496
2.290015977	4.139883254
2.401127088	4.139883254
2.510550172	4.120589012
2.621661283	4.120589012
2.731084366	4.10129477
2.842195477	4.10129477
2.951618561	4.082000528
3.062729672	4.082000528
3.172152756	4.062706286
3.283263867	4.062706286
3.392686951	4.043412044
1.756826785	3.60446804
1.975672952	3.643056524
2.194519119	3.681645008
2.413365287	3.720233492
2.632211454	3.758821975
2.851057621	3.797410459
3.069903789	3.835998943
3.288749956	3.874587427
1.85958903	3.220954118
2.068409613	3.296958594
2.277230195	3.372963071
2.486050778	3.448967547
2.69487136	3.524972023
2.903691942	3.600976499
3.112512525	3.676980976
3.321333107	3.752985452
2.02738658	2.861111111
2.21983667	2.972222222
2.41228676	3.083333333
2.604736849	3.194444444
2.797186939	3.305555556
2.989637029	3.416666667
3.182087119	3.527777778
3.374537208	3.638888889
2.255120991	2.535872667
2.425353089	2.678714358
2.595585188	2.821556049
2.765817286	2.96439774
2.936049385	3.107239431
3.106281483	3.250081122
3.276513581	3.392922813
3.44674568	3.535764504
2.535872667	2.255120991
2.678714358	2.425353089
2.821556049	2.595585188
2.96439774	2.765817286
3.107239431	2.936049385
3.250081122	3.106281483
3.392922813	3.276513582
3.535764504	3.44674568
2.861111111	2.02738658
2.972222222	2.21983667
3.083333333	2.41228676
3.194444444	2.604736849
3.305555556	2.797186939
3.416666667	2.989637029
3.527777778	3.182087119
3.638888889	3.374537208
3.220954118	1.85958903
3.296958594	2.068409613
3.372963071	2.277230195
3.448967547	2.486050778
3.524972023	2.69487136
3.600976499	2.903691942
3.676980976	3.112512525
3.752985452	3.321333107
3.60446804	1.756826785
3.643056524	1.975672952
3.681645008	2.194519119
3.720233492	2.413365287
3.758821975	2.632211454
3.797410459	2.851057621
3.835998943	3.069903789
3.874587427	3.288749956
1.63010142	3.782939778
1.647403701	3.585173798
1.739524504	3.80223402
1.850635615	3.80223402
1.866249868	3.623762282
1.960058698	3.821528262
2.071169809	3.821528262
2.085096036	3.662350766
2.180592893	3.840822504
2.291704004	3.840822504
2.303942203	3.70093925
2.401127088	3.860116746
2.512238199	3.860116746
2.52278837	3.739527734
2.621661283	3.879410988
2.732772394	3.879410988
2.741634538	3.778116217
2.842195477	3.89870523
2.953306589	3.89870523
2.960480705	3.816704701
3.062729672	3.917999472
3.173840783	3.917999472
3.179326872	3.855293185
3.283263867	3.937293714
3.394374978	3.937293714
3.39817304	3.893881669
1.703797616	3.374708841
1.755178739	3.18295188
1.808207908	3.412711079
1.917630991	3.432005321
1.963999322	3.258956356
2.022041282	3.470007559
2.131464366	3.489301801
2.172819904	3.334960832
2.235874657	3.527304039
2.345297741	3.546598281
2.381640486	3.410965309
2.449708032	3.584600519
2.559131116	3.603894761
2.590461069	3.486969785
2.663541407	3.641896999
2.772964491	3.661191241
2.799281651	3.562974261
2.877374782	3.699193479
2.986797866	3.718487721
3.008102234	3.638978738
3.091208157	3.75648996
3.20063124	3.775784201
3.216922816	3.714983214
3.305041532	3.81378644
3.414464615	3.833080682
3.425743398	3.79098769
1.84726276	2.985477059
1.931161535	2.805555556
1.943487805	3.041032615
2.047898097	3.079034853
2.123611625	2.916666667
2.144123141	3.134590408
2.248533433	3.172592646
2.316061715	3.027777778
2.344758477	3.228148202
2.449168769	3.26615044
2.508511805	3.138888889
2.545393814	3.321705996
2.649804105	3.359708234
2.700961894	3.25
2.74602915	3.415263789
2.850439441	3.453266028
2.893411984	3.361111111
2.946664486	3.508821583
3.051074777	3.546823821
3.085862074	3.472222222
3.147299822	3.602379377
3.251710113	3.640381615
3.278312164	3.583333333
3.347935158	3.69593717
3.452345449	3.733939409
3.470762253	3.694444444
2.056137736	2.627071043
2.170004941	2.464451821
2.141253785	2.698491889
2.23747883	2.754047445
2.34023704	2.607293512
2.32259488	2.82546829
2.418819924	2.881023846
2.510469138	2.750135203
2.503935974	2.952444691
2.600161019	3.008000247
2.680701237	2.892976894
2.685277068	3.079421092
2.781502113	3.134976648
2.850933335	3.035818585
2.866618162	3.206397493
2.962843207	3.261953049
3.021165434	3.178660277
3.047959256	3.333373894
3.144184301	3.38892945
3.191397532	3.321501968
3.22930035	3.460350295
3.325525395	3.515905851
3.361629631	3.464343659
3.410641444	3.587326697
3.506866489	3.642882252
3.531861729	3.60718535
2.324075983	2.31038078
2.464451821	2.170004941
2.395496829	2.395496829
2.480612878	2.466917674
2.607293512	2.34023704
2.552033724	2.552033724
2.637149773	2.623454569
2.750135203	2.510469138
2.708570618	2.708570618
2.793686667	2.779991464
2.892976894	2.680701237
2.865107513	2.865107513
2.950223562	2.936528359
3.035818585	2.850933335
3.021644408	3.021644408
3.106760457	3.093065253
3.178660277	3.021165434
3.178181303	3.178181303
3.263297352	3.249602148
3.321501968	3.191397532
3.334718197	3.334718197
3.419834247	3.406139043
3.464343659	3.361629631
3.491255092	3.491255092
3.576371141	3.562675938
3.60718535	3.531861729
2.642936333	2.045028741
2.805555556	1.931161535
2.698491889	2.141253785
2.769912734	2.226369835
2.916666667	2.123611625
2.82546829	2.32259488
2.896889136	2.407710929
3.027777778	2.316061715
2.952444691	2.503935974
3.023865537	2.589052023
3.138888889	2.508511805
3.079421092	2.685277068
3.150841938	2.770393117
3.25	2.700961894
3.206397493	2.866618162
3.277818339	2.951734211
3.361111111	2.893411984
3.333373894	3.047959256
3.40479474	3.133075305
3.472222222	3.085862074
3.460350295	3.22930035
3.531771141	3.314416399
3.583333333	3.278312164
3.587326697	3.410641444
3.658747542	3.495757493
3.694444444	3.470762253
3.003030376	1.839077514
3.18295188	1.755178739
3.041032615	1.943487805
3.09658817	2.03971285
3.258956356	1.963999322
3.134590408	2.144123141
3.190145964	2.240348186
3.334960832	2.172819904
3.228148202	2.344758477
3.283703758	2.440983522
3.410965309	2.381640486
3.321705996	2.545393814
3.377261551	2.641618858
3.486969785	2.590461069
3.415263789	2.74602915
3.470819345	2.842254194
3.562974261	2.799281651
3.508821583	2.946664486
3.564377139	3.042889531
3.638978738	3.008102234
3.602379377	3.147299822
3.657934932	3.243524867
3.714983214	3.216922816
3.69593717	3.347935158
3.751492726	3.444160203
3.79098769	3.425743398
3.393416837	1.698784824
3.585173798	1.647403701
3.412711079	1.808207908
3.450713317	1.912618199
3.623762282	1.866249868
3.470007559	2.022041282
3.508009797	2.126451574
3.662350766	2.085096036
3.527304039	2.235874657
3.565306277	2.340284949
3.70093925	2.303942203
3.584600519	2.449708032
3.622602757	2.554118323
3.739527734	2.52278837
3.641896999	2.663541407
3.679899237	2.767951698
3.778116217	2.741634538
3.699193479	2.877374782
3.737195718	2.981785073
3.816704701	2.960480705
3.75648996	3.091208157
3.794492198	3.195618448
3.855293185	3.179326872
3.81378644	3.305041532
3.851788678	3.409451823
3.893881669	3.39817304
3.80223402	1.628413392
3.80223402	1.739524504
3.821528262	1.848947587
3.821528262	1.960058698
3.840822504	2.069481782
3.840822504	2.180592893
3.860116746	2.290015977
3.860116746	2.401127088
3.879410988	2.510550172
3.879410988	2.621661283
3.89870523	2.731084366
3.89870523	2.842195477
3.917999472	2.951618561
3.917999472	3.062729672
3.937293714	3.172152756
3.937293714	3.283263867
3.956587956	3.392686951
4.39553196	1.756826785
4.356943476	1.975672952
4.318354992	2.194519119
4.279766508	2.413365287
4.241178025	2.632211454
4.202589541	2.851057621
4.164001057	3.069903789
4.125412573	3.288749956
4.779045882	1.85958903
4.703041406	2.068409613
4.627036929	2.277230195
4.551032453	2.486050778
4.475027977	2.69487136
4.399023501	2.903691942
4.323019024	3.112512525
4.247014548	3.321333107
5.138888889	2.02738658
5.027777778	2.21983667
4.916666667	2.41228676
4.805555556	2.604736849
4.694444444	2.797186939
4.583333333	2.989637029
4.472222222	3.182087119
4.361111111	3.374537208
5.464127333	2.255120991
5.321285642	2.425353089
5.178443951	2.595585188
5.03560226	2.765817286
4.892760569	2.936049385
4.749918878	3.106281483
4.607077187	3.276513581
4.464235496	3.44674568
5.744879009	2.535872667
5.574646911	2.678714358
5.404414812	2.821556049
5.234182714	2.96439774
5.063950615	3.107239431
4.893718517	3.250081122
4.723486419	3.392922813
4.55325432	3.535764504
5.97261342	2.861111111
5.78016333	2.972222222
5.58771324	3.083333333
5.395263151	3.194444444
5.202813061	3.305555556
5.010362971	3.416666667
4.817912881	3.527777778
4.625462792	3.638888889
6.14041097	3.220954118
5.931590387	3.296958594
5.722769805	3.372963071
5.513949222	3.448967547
5.30512864	3.524972023
5.096308058	3.600976499
4.887487475	3.676980976
4.678666893	3.752985452
6.243173215	3.60446804
6.024327048	3.643056524
5.805480881	3.681645008
5.586634713	3.720233492
5.367788546	3.758821975
5.148942379	3.797410459
4.930096211	3.835998943
4.711250044	3.874587427
4.217060222	1.63010142
4.414826202	1.647403701
4.19776598	1.739524504
4.19776598	1.850635615
4.376237718	1.866249868
4.178471738	1.960058698
4.178471738	2.071169809
4.337649234	2.085096036
4.159177496	2.180592893
4.159177496	2.291704004
4.29906075	2.303942203
4.139883254	2.401127088
4.139883254	2.512238199
4.260472266	2.52278837
4.120589012	2.621661283
4.120589012	2.732772394
4.221883783	2.741634538
4.10129477	2.842195477
4.10129477	2.953306589
4.183295299	2.960480705
4.082000528	3.062729672
4.082000528	3.173840783
4.144706815	3.179326872
4.062706286	3.283263867
4.062706286	3.394374978
4.106118331	3.39817304
4.625291159	1.703797616
4.81704812	1.755178739
4.587288921	1.808207908
4.567994679	1.917630991
4.741043644	1.963999322
4.529992441	2.022041282
4.510698199	2.131464366
4.665039168	2.172819904
4.472695961	2.235874657
4.453401719	2.345297741
4.589034691	2.381640486
4.415399481	2.449708032
4.396105239	2.559131116
4.513030215	2.590461069
4.358103001	2.663541407
4.338808759	2.772964491
4.437025739	2.799281651
4.300806521	2.877374782
4.281512279	2.986797866
4.361021262	3.008102234
4.24351004	3.091208157
4.224215799	3.20063124
4.285016786	3.216922816
4.18621356	3.305041532
4.166919318	3.414464615
4.20901231	3.425743398
5.014522941	1.84726276
5.194444444	1.931161535
4.958967385	1.943487805
4.920965147	2.047898097
5.083333333	2.123611625
4.865409592	2.144123141
4.827407354	2.248533433
4.972222222	2.316061715
4.771851798	2.344758477
4.73384956	2.449168769
4.861111111	2.508511805
4.678294004	2.545393814
4.640291766	2.649804105
4.75	2.700961894
4.584736211	2.74602915
4.546733972	2.850439441
4.638888889	2.893411984
4.491178417	2.946664486
4.453176179	3.051074777
4.527777778	3.085862074
4.397620623	3.147299822
4.359618385	3.251710113
4.416666667	3.278312164
4.30406283	3.347935158
4.266060591	3.452345449
4.305555556	3.470762253
5.372928957	2.056137736
5.535548179	2.170004941
5.301508111	2.141253785
5.245952555	2.23747883
5.392706488	2.34023704
5.17453171	2.32259488
5.118976154	2.418819924
5.249864797	2.510469138
5.047555309	2.503935974
4.991999753	2.600161019
5.107023106	2.680701237
4.920578908	2.685277068
4.865023352	2.781502113
4.964181415	2.850933335
4.793602507	2.866618162
4.738046951	2.962843207
4.821339723	3.021165434
4.666626106	3.047959256
4.61107055	3.144184301
4.678498032	3.191397532
4.539649705	3.22930035
4.484094149	3.325525395
4.535656341	3.361629631
4.412673303	3.410641444
4.357117748	3.506866489
4.39281465	3.531861729
5.68961922	2.324075983
5.829995059	2.464451821
5.604503171	2.395496829
5.533082326	2.480612878
5.65976296	2.607293512
5.447966276	2.552033724
5.376545431	2.637149773
5.489530862	2.750135203
5.291429382	2.708570618
5.220008536	2.793686667
5.319298763	2.892976894
5.134892487	2.865107513
5.063471641	2.950223562
5.149066665	3.035818585
4.978355592	3.021644408
4.906934747	3.106760457
4.978834566	3.178660277
4.821818697	3.178181303
4.750397852	3.263297352
4.808602468	3.321501968
4.665281803	3.334718197
4.593860957	3.419834247
4.638370369	3.464343659
4.508744908	3.491255092
4.437324062	3.576371141
4.468138271	3.60718535
5.954971259	2.642936333
6.068838465	2.805555556
5.858746215	2.698491889
5.773630165	2.769912734
5.876388375	2.916666667
5.67740512	2.82546829
5.592289071	2.896889136
5.683938285	3.027777778
5.496064026	2.952444691
5.410947977	3.023865537
5.491488195	3.138888889
5.314722932	3.079421092
5.229606883	3.150841938
5.299038106	3.25
5.133381838	3.206397493
5.048265789	3.277818339
5.106588016	3.361111111
4.952040744	3.333373894
4.866924695	3.40479474
4.914137926	3.472222222
4.77069965	3.460350295
4.685583601	3.531771141
4.721687836	3.583333333
4.589358556	3.587326697
4.504242507	3.658747542
4.529237747	3.694444444
6.160922486	3.003030376
6.244821261	3.18295188
6.056512195	3.041032615
5.96028715	3.09658817
6.036000678	3.258956356
5.855876859	3.134590408
5.759651814	3.190145964
5.827180096	3.334960832
5.655241523	3.228148202
5.559016478	3.283703758
5.618359514	3.410965309
5.454606186	3.321705996
5.358381142	3.377261551
5.409538931	3.486969785
5.25397085	3.415263789
5.157745806	3.470819345
5.200718349	3.562974261
5.053335514	3.508821583
4.957110469	3.564377139
4.991897766	3.638978738
4.852700178	3.602379377
4.756475133	3.657934932
4.783077184	3.714983214
4.652064842	3.69593717
4.555839797	3.751492726
4.574256602	3.79098769
6.301215176	3.393416837
6.352596299	3.585173798
6.191792092	3.412711079
6.087381801	3.450713317
6.133750132	3.623762282
5.977958718	3.470007559
5.873548426	3.508009797
5.914903964	3.662350766
5.764125343	3.527304039
5.659715051	3.565306277
5.696057797	3.70093925
5.550291968	3.584600519
5.445881677	3.622602757
5.47721163	3.739527733
5.336458593	3.641896999
5.232048302	3.679899237
5.258365462	3.778116217
5.122625218	3.699193479
5.018214927	3.737195718
5.039519295	3.816704701
4.908791843	3.75648996
4.804381552	3.794492198
4.820673128	3.855293185
4.694958468	3.81378644
4.590548177	3.851788678
4.60182696	3.893881669
6.371586608	3.80223402
6.260475496	3.80223402
6.151052413	3.821528262
6.039941302	3.821528262
5.930518218	3.840822504
5.819407107	3.840822504
5.709984023	3.860116746
5.598872912	3.860116746
5.489449828	3.879410988
5.378338717	3.879410988
5.268915634	3.89870523
5.157804523	3.89870523
5.048381439	3.917999472
4.937270328	3.917999472
4.827847244	3.937293714
4.716736133	3.937293714
4.607313049	3.956587956
6.243173215	4.39553196
6.024327048	4.356943476
5.805480881	4.318354992
5.586634713	4.279766508
5.367788546	4.241178025
5.148942379	4.202589541
4.930096211	4.164001057
4.711250044	4.125412573
6.14041097	4.779045882
5.931590387	4.703041406
5.722769805	4.627036929
5.513949222	4.551032453
5.30512864	4.475027977
5.096308058	4.399023501
4.887487475	4.323019024
4.678666893	4.247014548
5.97261342	5.138888889
5.78016333	5.027777778
5.58771324	4.916666667
5.395263151	4.805555556
5.202813061	4.694444444
5.010362971	4.583333333
4.817912881	4.472222222
4.625462792	4.361111111
5.744879009	5.464127333
5.574646911	5.321285642
5.404414812	5.178443951
5.234182714	5.03560226
5.063950615	4.892760569
4.893718517	4.749918878
4.723486419	4.607077187
4.55325432	4.464235496
5.464127333	5.744879009
5.321285642	5.574646911
5.178443951	5.404414812
5.03560226	5.234182714
4.892760569	5.063950615
4.749918878	4.893718517
4.607077187	4.723486418
4.464235496	4.55325432
5.138888889	5.97261342
5.027777778	5.78016333
4.916666667	5.58771324
4.805555556	5.395263151
4.694444444	5.202813061
4.583333333	5.010362971
4.472222222	4.817912881
4.361111111	4.625462792
4.779045882	6.14041097
4.703041406	5.931590387
4.627036929	5.722769805
4.551032453	5.513949222
4.475027977	5.30512864
4.399023501	5.096308058
4.323019024	4.887487475
4.247014548	4.678666893
4.39553196	6.243173215
4.356943476	6.024327048
4.318354992	5.805480881
4.279766508	5.586634713
4.241178025	5.367788546
4.202589541	5.148942379
4.164001057	4.930096211
4.125412573	4.711250044
6.36989858	4.217060222
6.352596299	4.414826202
6.260475496	4.19776598
6.149364385	4.19776598
6.133750132	4.376237718
6.039941302	4.178471738
5.928830191	4.178471738
5.914903964	4.337649234
5.819407107	4.159177496
5.708295996	4.159177496
5.696057797	4.29906075
5.598872912	4.139883254
5.487761801	4.139883254
5.47721163	4.260472266
5.378338717	4.120589012
5.267227606	4.120589012
5.258365462	4.221883783
5.157804523	4.10129477
5.046693411	4.10129477
5.039519295	4.183295299
4.937270328	4.082000528
4.826159217	4.082000528
4.820673128	4.144706815
4.716736133	4.062706286
4.605625022	4.062706286
4.60182696	4.106118331
6.296202384	4.625291159
6.244821261	4.81704812
6.191792092	4.587288921
6.082369009	4.567994679
6.036000678	4.741043644
5.977958718	4.529992441
5.868535634	4.510698199
5.827180096	4.665039168
5.764125343	4.472695961
5.654702259	4.453401719
5.618359514	4.589034691
5.550291968	4.415399481
5.440868884	4.396105239
5.409538931	4.513030215
5.336458593	4.358103001
5.227035509	4.338808759
5.200718349	4.437025739
5.122625218	4.300806521
5.013202134	4.281512279
4.991897766	4.361021262
4.908791843	4.24351004
4.79936876	4.224215799
4.783077184	4.285016786
4.694958468	4.18621356
4.585535385	4.166919318
4.574256602	4.20901231
6.15273724	5.014522941
6.068838465	5.194444444
6.056512195	4.958967385
5.952101903	4.920965147
5.876388375	5.083333333
5.855876859	4.865409592
5.751466567	4.827407354
5.683938285	4.972222222
5.655241523	4.771851798
5.550831231	4.73384956
5.491488195	4.861111111
5.454606186	4.678294004
5.350195895	4.640291766
5.299038106	4.75
5.25397085	4.584736211
5.149560559	4.546733972
5.106588016	4.638888889
5.053335514	4.491178417
4.948925223	4.453176179
4.914137926	4.527777778
4.852700178	4.397620623
4.748289887	4.359618385
4.721687836	4.416666667
4.652064842	4.30406283
4.547654551	4.266060591
4.529237747	4.305555556
5.943862264	5.372928957
5.829995059	5.535548179
5.858746215	5.301508111
5.76252117	5.245952555
5.65976296	5.392706488
5.67740512	5.17453171
5.581180076	5.118976154
5.489530862	5.249864797
5.496064026	5.047555309
5.399838981	4.991999753
5.319298763	5.107023106
5.314722932	4.920578908
5.218497887	4.865023352
5.149066665	4.964181415
5.133381838	4.793602507
5.037156793	4.738046951
4.978834566	4.821339723
4.952040744	4.666626106
4.855815699	4.61107055
4.808602468	4.678498032
4.77069965	4.539649705
4.674474605	4.484094149
4.638370369	4.535656341
4.589358556	4.412673303
4.493133511	4.357117748
4.468138271	4.39281465
5.675924017	5.68961922
5.535548179	5.829995059
5.604503171	5.604503171
5.519387122	5.533082326
5.392706488	5.65976296
5.447966276	5.447966276
5.362850227	5.376545431
5.249864797	5.489530862
5.291429382	5.291429382
5.206313333	5.220008536
5.107023106	5.319298763
5.134892487	5.134892487
5.049776438	5.063471641
4.964181415	5.149066665
4.978355592	4.978355592
4.893239543	4.906934747
4.821339723	4.978834566
4.821818697	4.821818697
4.736702648	4.750397852
4.678498032	4.808602468
4.665281803	4.665281803
4.580165753	4.593860957
4.535656341	4.638370369
4.508744908	4.508744908
4.423628859	4.437324062
4.39281465	4.468138271
5.357063667	5.954971259
5.194444444	6.068838465
5.301508111	5.858746215
5.230087266	5.773630165
5.083333333	5.876388375
5.17453171	5.67740512
5.103110864	5.592289071
4.972222222	5.683938285
5.047555309	5.496064026
4.976134463	5.410947977
4.861111111	5.491488195
4.920578908	5.314722932
4.849158062	5.229606883
4.75	5.299038106
4.793602507	5.133381838
4.722181661	5.048265789
4.638888889	5.106588016
4.666626106	4.952040744
4.59520526	4.866924695
4.527777778	4.914137926
4.539649705	4.77069965
4.468228859	4.685583601
4.416666667	4.721687836
4.412673303	4.589358556
4.341252458	4.504242507
4.305555556	4.529237747
4.996969624	6.160922486
4.81704812	6.244821261
4.958967385	6.056512195
4.90341183	5.96028715
4.741043644	6.036000678
4.865409592	5.855876859
4.809854036	5.759651814
4.665039168	5.827180096
4.771851798	5.655241523
4.716296242	5.559016478
4.589034691	5.618359514
4.678294004	5.454606186
4.622738449	5.358381142
4.513030215	5.409538931
4.584736211	5.25397085
4.529180655	5.157745806
4.437025739	5.200718349
4.491178417	5.053335514
4.435622861	4.957110469
4.361021262	4.991897766
4.397620623	4.852700178
4.342065068	4.756475133
4.285016786	4.783077184
4.30406283	4.652064842
4.248507274	4.555839797
4.20901231	4.574256602
4.606583163	6.301215176
4.414826202	6.352596299
4.587288921	6.191792092
4.549286683	6.087381801
4.376237718	6.133750132
4.529992441	5.977958718
4.491990203	5.873548426
4.337649234	5.914903964
4.472695961	5.764125343
4.434693723	5.659715051
4.29906075	5.696057797
4.415399481	5.550291968
4.377397243	5.445881677
4.260472267	5.47721163
4.358103001	5.336458593
4.320100763	5.232048302
4.221883783	5.258365462
4.300806521	5.122625218
4.262804282	5.018214927
4.183295299	5.039519295
4.24351004	4.908791843
4.205507802	4.804381552
4.144706815	4.820673128
4.18621356	4.694958468
4.148211322	4.590548177
4.106118331	4.60182696
4.19776598	6.371586608
4.19776598	6.260475496
4.178471738	6.151052413
4.178471738	6.039941302
4.159177496	5.930518218
4.159177496	5.819407107
4.139883254	5.709984023
4.139883254	5.598872912
4.120589012	5.489449828
4.120589012	5.378338717
4.10129477	5.268915634
4.10129477	5.157804523
4.082000528	5.048381439
4.082000528	4.937270328
4.062706286	4.827847244
4.062706286	4.716736133
4.043412044	4.607313049

--------------------------------------------------------------------------------
ELEMENT CONNECTIVITY
--------------------------------------------------------------------------------
8	77	145	85	277	153
145	77	213	277	278	279
145	213	146	279	280	154
146	213	214	280	281	282
146	214	147	282	283	155
147	214	215	283	284	285
147	215	148	285	286	156
148	215	216	286	287	288
148	216	149	288	289	157
149	216	217	289	290	291
149	217	150	291	292	158
150	217	218	292	293	294
150	218	151	294	295	159
151	218	219	295	296	297
151	219	152	297	298	160
152	219	220	298	299	300
152	220	1	300	301	161
1	220	26	301	302	34
77	78	213	86	303	278
213	78	221	303	304	305
213	221	214	305	306	281
214	221	222	306	307	308
214	222	215	308	309	284
215	222	223	309	310	311
215	223	216	311	312	287
216	223	224	312	313	314
216	224	217	314	315	290
217	224	225	315	316	317
217	225	218	317	318	293
218	225	226	318	319	320
218	226	219	320	321	296
219	226	227	321	322	323
219	227	220	323	324	299
220	227	228	324	325	326
220	228	26	326	327	302
26	228	27	327	328	35
78	79	221	87	329	304
221	79	229	329	330	331
221	229	222	331	332	307
222	229	230	332	333	334
222	230	223	334	335	310
223	230	231	335	336	337
223	231	224	337	338	313
224	231	232	338	339	340
224	232	225	340	341	316
225	232	233	341	342	343
225	233	226	343	344	319
226	233	234	344	345	346
226	234	227	346	347	322
227	234	235	347	348	349
227	235	228	349	350	325
228	235	236	350	351	352
228	236	27	352	353	328
27	236	28	353	354	36
79	80	229	88	355	330
229	80	237	355	356	357
229	237	230	357	358	333
230	237	238	358	359	360
230	238	231	360	361	336
231	238	239	361	362	363
231	239	232	363	364	339
232	239	240	364	365	366
232	240	233	366	367	342
233	240	241	367	368	369
233	241	234	369	370	345
234	241	242	370	371	372
234	242	235	372	373	348
235	242	243	373	374	375
235	243	236	375	376	351
236	243	244	376	377	378
236	244	28	378	379	354
28	244	29	379	380	37
80	81	237	89	381	356
237	81	245	381	382	383
237	245	238	383	384	359
238	245	246	384	385	386
238	246	239	386	387	362
239	246	247	387	388	389
239	247	240	389	390	365
240	247	248	390	391	392
240	248	241	392	393	368
241	248	249	393	394	395
241	249	242	395	396	371
242	249	250	396	397	398
242	250	243	398	399	374
243	250	251	399	400	401
243	251	244	401	402	377
244	251	252	402	403	404
244	252	29	404	405	380
29	252	30	405	406	38
81	82	245	90	407	382
245	82	253	407	408	409
245	253	246	409	410	385
246	253	254	410	411	412
246	254	247	412	413	388
247	254	255	413	414	415
247	255	248	415	416	391
248	255	256	416	417	418
248	256	249	418	419	394
249	256	257	419	420	421
249	257	250	421	422	397
250	257	258	422	423	424
250	258	251	424	425	400
251	258	259	425	426	427
251	259	252	427	428	403
252	259	260	428	429	430
252	260	30	430	431	406
30	260	31	431	432	39
82	83	253	91	433	408
253	83	261	433	434	435
253	261	254	435	436	411
254	261	262	436	437	438
254	262	255	438	439	414
255	262	263	439	440	441
255	263	256	441	442	417
256	263	264	442	443	444
256	264	257	444	445	420
257	264	265	445	446	447
257	265	258	447	448	423
258	265	266	448	449	450
258	266	259	450	451	426
259	266	267	451	452	453
259	267	260	453	454	429
260	267	268	454	455	456
260	268	31	456	457	432
31	268	32	457	458	40
83	84	261	92	459	434
261	84	269	459	460	461
261	269	262	461	462	437
262	269	270	462	463	464
262	270	263	464	465	440
263	270	271	465	466	467
263	271	264	467	468	443
264	271	272	468	469	470
264	272	265	470	471	446
265	272	273	471	472	473
265	273	266	473	474	449
266	273	274	474	475	476
266	274	267	476	477	452
267	274	275	477	478	479
267	275	268	479	480	455
268	275	276	480	481	482
268	276	32	482	483	458
32	276	33	483	484	41
84	5	269	93	485	460
269	5	169	485	178	486
269	169	270	486	487	463
270	169	168	487	177	488
270	168	271	488	489	466
271	168	167	489	176	490
271	167	272	490	491	469
272	167	166	491	175	492
272	166	273	492	493	472
273	166	165	493	174	494
273	165	274	494	495	475
274	165	164	495	173	496
274	164	275	496	497	478
275	164	163	497	172	498
275	163	276	498	499	481
276	163	162	499	171	500
276	162	33	500	501	484
33	162	4	501	170	42
5	94	169	102	566	178
169	94	502	566	567	568
169	502	168	568	569	177
168	502	503	569	570	571
168	503	167	571	572	176
167	503	504	572	573	574
167	504	166	574	575	175
166	504	505	575	576	577
166	505	165	577	578	174
165	505	506	578	579	580
165	506	164	580	581	173
164	506	507	581	582	583
164	507	163	583	584	172
163	507	508	584	585	586
163	508	162	586	587	171
162	508	509	587	588	589
162	509	4	589	590	170
4	509	43	590	591	51
94	95	502	103	592	567
502	95	510	592	593	594
502	510	503	594	595	570
503	510	511	595	596	597
503	511	504	597	598	573
504	511	512	598	599	600
504	512	505	600	601	576
505	512	513	601	602	603
505	513	506	603	604	579
506	513	514	604	605	606
506	514	507	606	607	582
507	514	515	607	608	609
507	515	508	609	610	585
508	515	516	610	611	612
508	516	509	612	613	588
509	516	517	613	614	615
509	517	43	615	616	591
43	517	44	616	617	52
95	96	510	104	618	593
510	96	518	618	619	620
510	518	511	620	621	596
511	518	519	621	622	623
511	519	512	623	624	599
512	519	520	624	625	626
512	520	513	626	627	602
513	520	521	627	628	629
513	521	514	629	630	605
514	521	522	630	631	632
514	522	515	632	633	608
515	522	523	633	634	635
515	523	516	635	636	611
516	523	524	636	637	638
516	524	517	638	639	614
517	524	525	639	640	641
517	525	44	641	642	617
44	525	45	642	643	53
96	97	518	105	644	619
518	97	526	644	645	646
518	526	519	646	647	622
519	526	527	647	648	649
519	527	520	649	650	625
520	527	528	650	651	652
520	528	521	652	653	628
521	528	529	653	654	655
521	529	522	655	656	631
522	529	530	656	657	658
522	530	523	658	659	634
523	530	531	659	660	661
523	531	524	661	662	637
524	531	532	662	663	664
524	532	525	664	665	640
525	532	533	665	666	667
525	533	45	667	668	643
45	533	46	668	669	54
97	98	526	106	670	645
526	98	534	670	671	672
526	534	527	672	673	648
527	534	535	673	674	675
527	535	528	675	676	651
528	535	536	676	677	678
528	536	529	678	679	654
529	536	537	679	680	681
529	537	530	681	682	657
530	537	538	682	683	684
530	538	531	684	685	660
531	538	539	685	686	687
531	539	532	687	688	663
532	539	540	688	689	690
532	540	533	690	691	666
533	540	541	691	692	693
533	541	46	693	694	669
46	541	47	694	695	55
98	99	534	107	696	671
534	99	542	696	697	698
534	542	535	698	699	674
535	542	543	699	700	701
535	543	536	701	702	677
536	543	544	702	703	704
536	544	537	704	705	680
537	544	545	705	706	707
537	545	538	707	708	683
538	545	546	708	709	710
538	546	539	710	711	686
539	546	547	711	712	713
539	547	540	713	714	689
540	547	548	714	715	716
540	548	541	716	717	692
541	548	549	717	718	719
541	549	47	719	720	695
47	549	48	720	721	56
99	100	542	108	722	697
542	100	550	722	723	724
542	550	543	724	725	700
543	550	551	725	726	727
543	551	544	727	728	703
544	551	552	728	729	730
544	552	545	730	731	706
545	552	553	731	732	733
545	553	546	733	734	709
546	553	554	734	735	736
546	554	547	736	737	712
547	554	555	737	738	739
547	555	548	739	740	715
548	555	556	740	741	742
548	556	549	742	743	718
549	556	557	743	744	745
549	557	48	745	746	721
48	557	49	746	747	57
100	101	550	109	748	723
550	101	558	748	749	750
550	558	551	750	751	726
551	558	559	751	752	753
551	559	552	753	754	729
552	559	560	754	755	756
552	560	553	756	757	732
553	560	561	757	758	759
553	561	554	759	760	735
554	561	562	760	761	762
554	562	555	762	763	738
555	562	563	763	764	765
555	563	556	765	766	741
556	563	564	766	767	768
556	564	557	768	769	744
557	564	565	769	770	771
557	565	49	771	772	747
49	565	50	772	773	58
101	6	558	110	774	749
558	6	186	774	195	775
558	186	559	775	776	752
559	186	185	776	194	777
559	185	560	777	778	755
560	185	184	778	193	779
560	184	561	779	780	758
561	184	183	780	192	781
561	183	562	781	782	761
562	183	182	782	191	783
562	182	563	783	784	764
563	182	181	784	190	785
563	181	564	785	786	767
564	181	180	786	189	787
564	180	565	787	788	770
565	180	179	788	188	789
565	179	50	789	790	773
50	179	2	790	187	59
6	111	186	119	855	195
186	111	791	855	856	857
186	791	185	857	858	194
185	791	792	858	859	860
185	792	184	860	861	193
184	792	793	861	862	863
184	793	183	863	864	192
183	793	794	864	865	866
183	794	182	866	867	191
182	794	795	867	868	869
182	795	181	869	870	190
181	795	796	870	871	872
181	796	180	872	873	189
180	796	797	873	874	875
180	797	179	875	876	188
179	797	798	876	877	878
179	798	2	878	879	187
2	798	60	879	880	68
111	112	791	120	881	856
791	112	799	881	882	883
791	799	792	883	884	859
792	799	800	884	885	886
792	800	793	886	887	862
793	800	801	887	888	889
793	801	794	889	890	865
794	801	802	890	891	892
794	802	795	892	893	868
795	802	803	893	894	895
795	803	796	895	896	871
796	803	804	896	897	898
796	804	797	898	899	874
797	804	805	899	900	901
797	805	798	901	902	877
798	805	806	902	903	904
798	806	60	904	905	880
60	806	61	905	906	69
112	113	799	121	907	882
799	113	807	907	908	909
799	807	800	909	910	885
800	807	808	910	911	912
800	808	801	912	913	888
801	808	809	913	914	915
801	809	802	915	916	891
802	809	810	916	917	918
802	810	803	918	919	894
803	810	811	919	920	921
803	811	804	921	922	897
804	811	812	922	923	924
804	812	805	924	925	900
805	812	813	925	926	927
805	813	806	927	928	903
806	813	814	928	929	930
806	814	61	930	931	906
61	814	62	931	932	70
113	114	807	122	933	908
807	114	815	933	934	935
807	815	808	935	936	911
808	815	816	936	937	938
808	816	809	938	939	914
809	816	817	939	940	941
809	817	810	941	942	917
810	817	818	942	943	944
810	818	811	944	945	920
811	818	819	945	946	947
811	819	812	947	948	923
812	819	820	948	949	950
812	820	813	950	951	926
813	820	821	951	952	953
813	821	814	953	954	929
814	821	822	954	955	956
814	822	62	956	957	932
62	822	63	957	958	71
114	115	815	123	959	934
815	115	823	959	960	961
815	823	816	961	962	937
816	823	824	962	963	964
816	824	817	964	965	940
817	824	825	965	966	967
817	825	818	967	968	943
818	825	826	968	969	970
818	826	819	970	971	946
819	826	827	971	972	973
819	827	820	973	974	949
820	827	828	974	975	976
820	828	821	976	977	952
821	828	829	977	978	979
821	829	822	979	980	955
822	829	830	980	981	982
822	830	63	982	983	958
63	830	64	983	984	72
115	116	823	124	985	960
823	116	831	985	986	987
823	831	824	987	988	963
824	831	832	988	989	990
824	832	825	990	991	966
825	832	833	991	992	993
825	833	826	993	994	969
826	833	834	994	995	996
826	834	827	996	997	972
827	834	835	997	998	999
827	835	828	999	1000	975
828	835	836	1000	1001	1002
828	836	829	1002	1003	978
829	836	837	1003	1004	1005
829	837	830	1005	1006	981
830	837	838	1006	1007	1008
830	838	64	1008	1009	984
64	838	65	1009	1010	73
116	117	831	125	1011	986
831	117	839	1011	1012	1013
831	839	832	1013	1014	989
832	839	840	1014	1015	1016
832	840	833	1016	1017	992
833	840	841	1017	1018	1019
833	841	834	1019	1020	995
834	841	842	1020	1021	1022
834	842	835	1022	1023	998
835	842	843	1023	1024	1025
835	843	836	1025	1026	1001
836	843	844	1026	1027	1028
836	844	837	1028	1029	1004
837	844	845	1029	1030	1031
837	845	838	1031	1032	1007
838	845	846	1032	1033	1034
838	846	65	1034	1035	1010
65	846	66	1035	1036	74
117	118	839	126	1037	1012
839	118	847	1037	1038	1039
839	847	840	1039	1040	1015
840	847	848	1040	1041	1042
840	848	841	1042	1043	1018
841	848	849	1043	1044	1045
841	849	842	1045	1046	1021
842	849	850	1046	1047	1048
842	850	843	1048	1049	1024
843	850	851	1049	1050	1051
843	851	844	1051	1052	1027
844	851	852	1052	1053	1054
844	852	845	1054	1055	1030
845	852	853	1055	1056	1057
845	853	846	1057	1058	1033
846	853	854	1058	1059	1060
846	854	66	1060	1061	1036
66	854	67	1061	1062	75
118	7	847	127	1063	1038
847	7	203	1063	212	1064
847	203	848	1064	1065	1041
848	203	202	1065	211	1066
848	202	849	1066	1067	1044
849	202	201	1067	210	1068
849	201	850	1068	1069	1047
850	201	200	1069	209	1070
850	200	851	1070	1071	1050
851	200	199	1071	208	1072
851	199	852	1072	1073	1053
852	199	198	1073	207	1074
852	198	853	1074	1075	1056
853	198	197	1075	206	1076
853	197	854	1076	1077	1059
854	197	196	1077	205	1078
854	196	67	1078	1079	1062
67	196	3	1079	204	76
7	128	203	136	1144	212
203	128	1080	1144	1145	1146
203	1080	202	1146	1147	211
202	1080	1081	1147	1148	1149
202	1081	201	1149	1150	210
201	1081	1082	1150	1151	1152
201	1082	200	1152	1153	209
200	1082	1083	1153	1154	1155
200	1083	199	1155	1156	208
199	1083	1084	1156	1157	1158
199	1084	198	1158	1159	207
198	1084	1085	1159	1160	1161
198	1085	197	1161	1162	206
197	1085	1086	1162	1163	1164
197	1086	196	1164	1165	205
196	1086	1087	1165	1166	1167
196	1087	3	1167	1168	204
3	1087	9	1168	1169	17
128	129	1080	137	1170	1145
1080	129	1088	1170	1171	1172
1080	1088	1081	1172	1173	1148
1081	1088	1089	1173	1174	1175
1081	1089	1082	1175	1176	1151
1082	1089	1090	1176	1177	1178
1082	1090	1083	1178	1179	1154
1083	1090	1091	1179	1180	1181
1083	1091	1084	1181	1182	1157
1084	1091	1092	1182	1183	1184
1084	1092	1085	1184	1185	1160
1085	1092	1093	1185	1186	1187
1085	1093	1086	1187	1188	1163
1086	1093	1094	1188	1189	1190
1086	1094	1087	1190	1191	1166
1087	1094	1095	1191	1192	1193
1087	1095	9	1193	1194	1169
9	1095	10	1194	1195	18
129	130	1088	138	1196	1171
1088	130	1096	1196	1197	1198
1088	1096	1089	1198	1199	1174
1089	1096	1097	1199	1200	1201
1089	1097	1090	1201	1202	1177
1090	1097	1098	1202	1203	1204
1090	1098	1091	1204	1205	1180
1091	1098	1099	1205	1206	1207
1091	1099	1092	1207	1208	1183
1092	1099	1100	1208	1209	1210
1092	1100	1093	1210	1211	1186
1093	1100	1101	1211	1212	1213
1093	1101	1094	1213	1214	1189
1094	1101	1102	1214	1215	1216
1094	1102	1095	1216	1217	1192
1095	1102	1103	1217	1218	1219
1095	1103	10	1219	1220	1195
10	1103	11	1220	1221	19
130	131	1096	139	1222	1197
1096	131	1104	1222	1223	1224
1096	1104	1097	1224	1225	1200
1097	1104	1105	1225	1226	1227
1097	1105	1098	1227	1228	1203
1098	1105	1106	1228	1229	1230
1098	1106	1099	1230	1231	1206
1099	1106	1107	1231	1232	1233
1099	1107	1100	1233	1234	1209
1100	1107	1108	1234	1235	1236
1100	1108	1101	1236	1237	1212
1101	1108	1109	1237	1238	1239
1101	1109	1102	1239	1240	1215
1102	1109	1110	1240	1241	1242
1102	1110	1103	1242	1243	1218
1103	1110	1111	1243	1244	1245
1103	1111	11	1245	1246	1221
11	1111	12	1246	1247	20
131	132	1104	140	1248	1223
1104	132	1112	1248	1249	1250
1104	1112	1105	1250	1251	1226
1105	1112	1113	1251	1252	1253
1105	1113	1106	1253	1254	1229
1106	1113	1114	1254	1255	1256
1106	1114	1107	1256	1257	1232
1107	1114	1115	1257	1258	1259
1107	1115	1108	1259	1260	1235
1108	1115	1116	1260	1261	1262
1108	1116	1109	1262	1263	1238
1109	1116	1117	1263	1264	1265
1109	1117	1110	1265	1266	1241
1110	1117	1118	1266	1267	1268
1110	1118	1111	1268	1269	1244
1111	1118	1119	1269	1270	1271
1111	1119	12	1271	1272	1247
12	1119	13	1272	1273	21
132	133	1112	141	1274	1249
1112	133	1120	1274	1275	1276
1112	1120	1113	1276	1277	1252
1113	1120	1121	1277	1278	1279
1113	1121	1114	1279	1280	1255
1114	1121	1122	1280	1281	1282
1114	1122	1115	1282	1283	1258
1115	1122	1123	1283	1284	1285
1115	1123	1116	1285	1286	1261
1116	1123	1124	1286	1287	1288
1116	1124	1117	1288	1289	1264
1117	1124	1125	1289	1290	1291
1117	1125	1118	1291	1292	1267
1118	1125	1126	1292	1293	1294
1118	1126	1119	1294	1295	1270
1119	1126	1127	1295	1296	1297
1119	1127	13	1297	1298	1273
13	1127	14	1298	1299	22
133	134	1120	142	1300	1275
1120	134	1128	1300	1301	1302
1120	1128	1121	1302	1303	1278
1121	1128	1129	1303	1304	1305
1121	1129	1122	1305	1306	1281
1122	1129	1130	1306	1307	1308
1122	1130	1123	1308	1309	1284
1123	1130	1131	1309	1310	1311
1123	1131	1124	1311	1312	1287
1124	1131	1132	1312	1313	1314
1124	1132	1125	1314	1315	1290
1125	1132	1133	1315	1316	1317
1125	1133	1126	1317	1318	1293
1126	1133	1134	1318	1319	1320
1126	1134	1127	1320	1321	1296
1127	1134	1135	1321	1322	1323
1127	1135	14	1323	1324	1299
14	1135	15	1324	1325	23
134	135	1128	143	1326	1301
1128	135	1136	1326	1327	1328
1128	1136	1129	1328	1329	1304
1129	1136	1137	1329	1330	1331
1129	1137	1130	1331	1332	1307
1130	1137	1138	1332	1333	1334
1130	1138	1131	1334	1335	1310
1131	1138	1139	1335	1336	1337
1131	1139	1132	1337	1338	1313
1132	1139	1140	1338	1339	1340
1132	1140	1133	1340	1341	1316
1133	1140	1141	1341	1342	1343
1133	1141	1134	1343	1344	1319
1134	1141	1142	1344	1345	1346
1134	1142	1135	1346	1347	1322
1135	1142	1143	1347	1348	1349
1135	1143	15	1349	1350	1325
15	1143	16	1350	1351	24
135	8	1136	144	1352	1327
1136	8	145	1352	153	1353
1136	145	1137	1353	1354	1330
1137	145	146	1354	154	1355
1137	146	1138	1355	1356	1333
1138	146	147	1356	155	1357
1138	147	1139	1357	1358	1336
1139	147	148	1358	156	1359
1139	148	1140	1359	1360	1339
1140	148	149	1360	157	1361
1140	149	1141	1361	1362	1342
1141	149	150	1362	158	1363
1141	150	1142	1363	1364	1345
1142	150	151	1364	159	1365
1142	151	1143	1365	1366	1348
1143	151	152	1366	160	1367
1143	152	16	1367	1368	1351
16	152	1	1368	161	25

--------------------------------------------------------------------------------
NUMBER OF BOUNDARY TYPES        TOTAL NUMBER OF ELEMENTS
--------------------------------------------------------------------------------
2                               72

--------------------------------------------------------------------------------
BOUNDARY 1        CONSTRAINS (0-free 1-const 2-glue)  VALUES (default = 0.)
NUMB. OF ELEM.    Ux     Uy     Uz                    Ux     Uy     Uz  
--------------------------------------------------------------------------------
36                1      1      0                     0.     0.     0.

--------------------------------------------------------------------------------
BOUNDARY 1 - CONNECTIVITY
--------------------------------------------------------------------------------
3	9	17
9	10	18
10	11	19
11	12	20
12	13	21
13	14	22
14	15	23
15	16	24
16	1	25
1	26	34
26	27	35
27	28	36
28	29	37
29	30	38
30	31	39
31	32	40
32	33	41
33	4	42
4	43	51
43	44	52
44	45	53
45	46	54
46	47	55
47	48	56
48	49	57
49	50	58
50	2	59
2	60	68
60	61	69
61	62	70
62	63	71
63	64	72
64	65	73
65	66	74
66	67	75
67	3	76

--------------------------------------------------------------------------------
BOUNDARY 2        CONSTRAINS (0-free 1-const 2-glue)  VALUES (default = 0.)
NUMB. OF ELEM.    Ux     Uy     Uz                    Ux     Uy     Uz  
--------------------------------------------------------------------------------
36                2      2      0                     0.     0.     0.

--------------------------------------------------------------------------------
BOUNDARY 2 - CONNECTIVITY
--------------------------------------------------------------------------------
8	77	85
77	78	86
78	79	87
79	80	88
80	81	89
81	82	90
82	83	91
83	84	92
84	5	93
5	94	102
94	95	103
95	96	104
96	97	105
97	98	106
98	99	107
99	100	108
100	101	109
101	6	110
6	111	119
111	112	120
112	113	121
113	114	122
114	115	123
115	116	124
116	117	125
117	118	126
118	7	127
7	128	136
128	129	137
129	130	138
130	131	139
131	132	140
132	133	141
133	134	142
134	135	143
135	8	144



