--------------------------------------------------------------------------------
ELEMENTS        NODES        TIME STEPS     PRINTING FREQ
--------------------------------------------------------------------------------
1008            2088         100000         1

--------------------------------------------------------------------------------
UNDISTURBED VELOCITY AND PRESSURE
Ux      Uy      Uz      P
--------------------------------------------------------------------------------
1.0     0.0     0.0     0.0

--------------------------------------------------------------------------------
DENSITY      TEMPERATURE      VISCOSITY      THERMAL CONDITIVITY
--------------------------------------------------------------------------------
1.E0         300              0.01           0.0

--------------------------------------------------------------------------------
TIME STEP       TIME INTEGRATION SCHEME (1- Implicit Euler, 2- Adams-Bashforth)
--------------------------------------------------------------------------------
0.10            0.5

--------------------------------------------------------------------------------
EXTERNAL FIELD FORCES CONSTANTS
Gx       Gy       Gz
--------------------------------------------------------------------------------
0.0      0.0      0.0

--------------------------------------------------------------------------------
NODAL COORDINATES
--------------------------------------------------------------------------------
3.64644661	4.35355339
4.35355339	3.64644661
4.35355339	4.35355339
3.64644661	3.64644661
2	2
6	2
6	6
2	6
4.286788218	4.409576021
4.211309131	4.453153893
4.129409522	4.482962912
4.043577871	4.498097348
3.956422129	4.498097348
3.870590478	4.482962912
3.788690869	4.453153893
3.713211782	4.409576021
4.321393804	4.383022221
4.25	4.433012701
4.171010071	4.46984631
4.086824089	4.492403876
4	4.499999999
3.913175911	4.492403876
3.828989929	4.46984631
3.75	4.433012701
3.678606196	4.383022221
3.590423979	4.286788218
3.546846107	4.211309131
3.517037088	4.129409522
3.501902652	4.043577871
3.501902652	3.956422129
3.517037088	3.870590478
3.546846107	3.788690869
3.590423979	3.713211782
3.616977779	4.321393804
3.566987299	4.25
3.53015369	4.171010071
3.507596124	4.086824089
3.500000001	4
3.507596124	3.913175911
3.53015369	3.828989929
3.566987299	3.75
3.616977779	3.678606196
3.713211782	3.590423979
3.788690869	3.546846107
3.870590478	3.517037088
3.956422129	3.501902652
4.043577871	3.501902652
4.129409522	3.517037088
4.211309131	3.546846107
4.286788218	3.590423979
3.678606196	3.616977779
3.75	3.566987299
3.828989929	3.53015369
3.913175911	3.507596124
4	3.500000001
4.086824089	3.507596124
4.171010071	3.53015369
4.25	3.566987299
4.321393804	3.616977779
4.409576021	3.713211782
4.453153893	3.788690869
4.482962912	3.870590478
4.498097348	3.956422129
4.498097348	4.043577871
4.482962912	4.129409522
4.453153893	4.211309131
4.409576021	4.286788218
4.383022221	3.678606196
4.433012701	3.75
4.46984631	3.828989929
4.492403876	3.913175911
4.499999999	4
4.492403876	4.086824089
4.46984631	4.171010071
4.433012701	4.25
4.383022221	4.321393804
2	5.555555556
2	5.111111111
2	4.666666667
2	4.222222222
2	3.777777778
2	3.333333333
2	2.888888889
2	2.444444444
2	5.777777778
2	5.333333333
2	4.888888889
2	4.444444444
2	4
2	3.555555556
2	3.111111111
2	2.666666667
2	2.222222222
2.444444444	2
2.888888889	2
3.333333333	2
3.777777778	2
4.222222222	2
4.666666667	2
5.111111111	2
5.555555556	2
2.222222222	2
2.666666667	2
3.111111111	2
3.555555556	2
4	2
4.444444444	2
4.888888889	2
5.333333333	2
5.777777778	2
6	2.444444444
6	2.888888889
6	3.333333333
6	3.777777778
6	4.222222222
6	4.666666667
6	5.111111111
6	5.555555556
6	2.222222222
6	2.666666667
6	3.111111111
6	3.555555556
6	4
6	4.444444444
6	4.888888889
6	5.333333333
6	5.777777778
5.555555556	6
5.111111111	6
4.666666667	6
4.222222222	6
3.777777778	6
3.333333333	6
2.888888889	6
2.444444444	6
5.777777778	6
5.333333333	6
4.888888889	6
4.444444444	6
4	6
3.555555556	6
3.111111111	6
2.666666667	6
2.222222222	6
2.117603329	5.882396671
2.235206659	5.764793341
2.352809988	5.647190012
2.470413317	5.529586683
2.588016646	5.411983354
2.705619976	5.294380024
2.823223305	5.176776695
2.940826634	5.059173366
3.058429964	4.941570036
3.176033293	4.823966707
3.293636622	4.706363378
3.411239951	4.588760049
3.528843281	4.471156719
2.058801665	5.941198335
2.176404994	5.823595006
2.294008323	5.705991677
2.411611652	5.588388348
2.529214982	5.470785018
2.646818311	5.353181689
2.76442164	5.23557836
2.88202497	5.11797503
2.999628299	5.000371701
3.117231628	4.882768372
3.234834957	4.765165043
3.352438287	4.647561713
3.470041616	4.529958384
3.587644945	4.412355055
3.528843281	3.528843281
3.411239951	3.411239951
3.293636622	3.293636622
3.176033293	3.176033293
3.058429964	3.058429964
2.940826634	2.940826634
2.823223305	2.823223305
2.705619976	2.705619976
2.588016646	2.588016646
2.470413317	2.470413317
2.352809988	2.352809988
2.235206659	2.235206659
2.117603329	2.117603329
3.587644945	3.587644945
3.470041616	3.470041616
3.352438287	3.352438287
3.234834958	3.234834958
3.117231628	3.117231628
2.999628299	2.999628299
2.88202497	2.88202497
2.76442164	2.76442164
2.646818311	2.646818311
2.529214982	2.529214982
2.411611653	2.411611653
2.294008323	2.294008323
2.176404994	2.176404994
2.058801665	2.058801665
4.471156719	3.528843281
4.588760049	3.411239951
4.706363378	3.293636622
4.823966707	3.176033293
4.941570036	3.058429964
5.059173366	2.940826634
5.176776695	2.823223305
5.294380024	2.705619976
5.411983354	2.588016646
5.529586683	2.470413317
5.647190012	2.352809988
5.764793341	2.235206659
5.882396671	2.117603329
4.412355055	3.587644945
4.529958384	3.470041616
4.647561713	3.352438287
4.765165042	3.234834958
4.882768372	3.117231628
5.000371701	2.999628299
5.11797503	2.88202497
5.23557836	2.76442164
5.353181689	2.646818311
5.470785018	2.529214982
5.588388347	2.411611653
5.705991677	2.294008323
5.823595006	2.176404994
5.941198335	2.058801665
4.471156719	4.471156719
4.588760049	4.588760049
4.706363378	4.706363378
4.823966707	4.823966707
4.941570036	4.941570036
5.059173366	5.059173366
5.176776695	5.176776695
5.294380024	5.294380024
5.411983354	5.411983354
5.529586683	5.529586683
5.647190012	5.647190012
5.764793341	5.764793341
5.882396671	5.882396671
4.412355055	4.412355055
4.529958384	4.529958384
4.647561713	4.647561713
4.765165042	4.765165042
4.882768372	4.882768372
5.000371701	5.000371701
5.11797503	5.11797503
5.23557836	5.23557836
5.353181689	5.353181689
5.470785018	5.470785018
5.588388347	5.588388347
5.705991677	5.705991677
5.823595006	5.823595006
5.941198335	5.941198335
2.113601713	5.464929317
2.227203426	5.374303079
2.340805138	5.28367684
2.454406851	5.193050602
2.568008564	5.102424363
2.681610277	5.011798125
2.795211989	4.921171887
2.908813702	4.830545648
3.022415415	4.73991941
3.136017128	4.649293171
3.24961884	4.558666933
3.363220553	4.468040695
3.476822266	4.377414456
2.110489008	5.046839541
2.220978015	4.982567971
2.331467023	4.918296401
2.441956031	4.854024831
2.552445038	4.789753261
2.662934046	4.725481691
2.773423054	4.661210121
2.883912061	4.596938551
2.994401069	4.532666981
3.104890077	4.468395411
3.215379084	4.404123841
3.325868092	4.339852271
3.4363571	4.275580701
2.108359792	4.628291156
2.216719584	4.589915646
2.325079376	4.551540136
2.433439168	4.513164625
2.54179896	4.474789115
2.650158752	4.436413605
2.758518544	4.398038095
2.866878336	4.359662584
2.975238128	4.321287074
3.08359792	4.282911564
3.191957712	4.244536053
3.300317504	4.206160543
3.408677296	4.167785033
2.107278761	4.209461911
2.214557522	4.196701601
2.321836283	4.18394129
2.429115043	4.171180979
2.536393804	4.158420668
2.643672565	4.145660358
2.750951326	4.132900047
2.858230087	4.120139736
2.965508848	4.107379425
3.072787608	4.094619114
3.180066369	4.081858804
3.28734513	4.069098493
3.394623891	4.056338182
2.107278761	3.790538089
2.214557522	3.803298399
2.321836283	3.81605871
2.429115043	3.828819021
2.536393804	3.841579332
2.643672565	3.854339642
2.750951326	3.867099953
2.858230087	3.879860264
2.965508848	3.892620575
3.072787608	3.905380886
3.180066369	3.918141196
3.28734513	3.930901507
3.394623891	3.943661818
2.108359792	3.371708844
2.216719584	3.410084354
2.325079376	3.448459864
2.433439168	3.486835375
2.54179896	3.525210885
2.650158752	3.563586395
2.758518544	3.601961906
2.866878336	3.640337416
2.975238128	3.678712926
3.08359792	3.717088436
3.191957712	3.755463947
3.300317504	3.793839457
3.408677296	3.832214967
2.110489008	2.953160459
2.220978015	3.017432029
2.331467023	3.081703599
2.441956031	3.145975169
2.552445038	3.210246739
2.662934046	3.274518309
2.773423054	3.338789879
2.883912061	3.403061449
2.994401069	3.467333019
3.104890077	3.531604589
3.215379084	3.595876159
3.325868092	3.660147729
3.4363571	3.724419299
2.113601713	2.535070683
2.227203426	2.625696921
2.340805138	2.71632316
2.454406851	2.806949398
2.568008564	2.897575637
2.681610277	2.988201875
2.795211989	3.078828113
2.908813702	3.169454352
3.022415415	3.26008059
3.136017128	3.350706829
3.24961884	3.441333067
3.363220553	3.531959305
3.476822266	3.622585544
2.058801665	5.718976113
2.056800856	5.510242436
2.115602521	5.673662994
2.174404186	5.614861329
2.170402569	5.419616198
2.231205042	5.56954821
2.290006707	5.510746545
2.284004282	5.32898996
2.346807563	5.465433426
2.405609228	5.406631762
2.397605995	5.238363721
2.462410084	5.361318642
2.521211749	5.302516978
2.511207707	5.147737483
2.578012605	5.257203859
2.63681427	5.198402194
2.62480942	5.057111244
2.693615126	5.153089075
2.752416791	5.09428741
2.738411133	4.966485006
2.809217647	5.048974291
2.868019312	4.990172626
2.852012846	4.875858767
2.924820168	4.944859507
2.983621833	4.886057842
2.965614558	4.785232529
3.040422689	4.840744723
3.099224354	4.781943058
3.079216271	4.694606291
3.15602521	4.736629939
3.214826875	4.677828275
3.192817984	4.603980052
3.271627731	4.632515155
3.330429396	4.573713491
3.306419697	4.513353814
3.387230252	4.528400372
3.446031917	4.469598707
3.420021409	4.422727575
3.502832773	4.424285588
3.561634438	4.365483923
3.533623122	4.332101337
2.056800856	5.288020214
2.055244504	5.078975326
2.11204536	5.255884429
2.168846217	5.21057131
2.165733511	5.014703756
2.22409072	5.178435525
2.280891577	5.133122406
2.276222519	4.950432186
2.336136081	5.100986621
2.392936937	5.055673501
2.386711527	4.886160616
2.448181441	5.023537716
2.504982297	4.978224597
2.497200534	4.821889046
2.560226801	4.946088812
2.617027657	4.900775693
2.607689542	4.757617476
2.672272161	4.868639908
2.729073018	4.823326789
2.71817855	4.693345906
2.784317521	4.791191004
2.841118378	4.745877885
2.828667557	4.629074336
2.896362882	4.713742099
2.953163738	4.66842898
2.939156565	4.564802766
3.008408242	4.636293195
3.065209098	4.590980076
3.049645573	4.500531196
3.120453602	4.558844291
3.177254458	4.513531172
3.16013458	4.436259626
3.232498962	4.481395387
3.289299819	4.436082268
3.270623588	4.371988056
3.344544322	4.403946483
3.401345179	4.358633363
3.381112596	4.307716486
3.456589683	4.326497578
3.513390539	4.281184459
3.491601603	4.243444916
2.055244504	4.856753104
2.054179896	4.647478912
2.1094244	4.837565349
2.164668904	4.805429564
2.162539688	4.609103401
2.2188488	4.786241809
2.274093303	4.754106024
2.27089948	4.570727891
2.328273199	4.734918268
2.383517703	4.702782483
2.379259272	4.532352381
2.437697599	4.683594728
2.492942103	4.651458943
2.487619064	4.49397687
2.547121999	4.632271188
2.602366503	4.600135403
2.595978856	4.45560136
2.656546399	4.580947648
2.711790903	4.548811863
2.704338648	4.41722585
2.765970799	4.529624108
2.821215303	4.497488323
2.81269844	4.378850339
2.875395199	4.478300567
2.930639702	4.446164782
2.921058232	4.340474829
2.984819598	4.426977027
3.040064102	4.394841242
3.029418024	4.302099319
3.094243998	4.375653487
3.149488502	4.343517702
3.137777816	4.263723808
3.203668398	4.324329947
3.258912902	4.292194162
3.246137608	4.225348298
3.313092798	4.273006407
3.368337302	4.240870622
3.3544974	4.186972788
3.422517198	4.221682867
3.477761701	4.189547082
3.462857192	4.148597277
2.054179896	4.425256689
2.05363938	4.215842067
2.107819276	4.418876534
2.161999172	4.399688779
2.160918141	4.203081756
2.215638553	4.393308623
2.269818449	4.374120868
2.268196902	4.190321445
2.323457829	4.367740713
2.377637725	4.348552958
2.375475663	4.177561135
2.431277106	4.342172802
2.485457002	4.322985047
2.482754424	4.164800824
2.539096382	4.316604892
2.593276278	4.297417137
2.590033185	4.152040513
2.646915658	4.291036981
2.701095554	4.271849226
2.697311945	4.139280202
2.754734935	4.265469071
2.808914831	4.246281315
2.804590706	4.126519891
2.862554211	4.23990116
2.916734107	4.220713405
2.911869467	4.113759581
2.970373488	4.21433325
3.024553384	4.195145494
3.019148228	4.10099927
3.078192764	4.188765339
3.13237266	4.169577584
3.126426989	4.088238959
3.186012041	4.163197428
3.240191936	4.144009673
3.23370575	4.075478648
3.293831317	4.137629518
3.348011213	4.118441763
3.340984511	4.062718337
3.401650593	4.112061607
3.455830489	4.092873852
3.448263271	4.049958027
2.05363938	3.993619845
2.05363938	3.784157933
2.107278761	4
2.160918141	3.993619845
2.160918141	3.796918244
2.214557522	4
2.268196902	3.993619845
2.268196902	3.809678555
2.321836283	4
2.375475663	3.993619845
2.375475663	3.822438866
2.429115043	4
2.482754424	3.993619845
2.482754424	3.835199176
2.536393804	4
2.590033185	3.993619845
2.590033185	3.847959487
2.643672565	4
2.697311945	3.993619845
2.697311945	3.860719798
2.750951326	4
2.804590706	3.993619845
2.804590706	3.873480109
2.858230087	4
2.911869467	3.993619845
2.911869467	3.886240419
2.965508848	4
3.019148228	3.993619845
3.019148228	3.89900073
3.072787608	4
3.126426989	3.993619845
3.126426989	3.911761041
3.180066369	4
3.23370575	3.993619845
3.23370575	3.924521352
3.28734513	4
3.340984511	3.993619845
3.340984511	3.937281663
3.394623891	4
3.448263271	3.993619845
3.448263271	3.950041973
2.05363938	3.561935711
2.054179896	3.352521088
2.107819276	3.581123466
2.161458657	3.587503621
2.162539688	3.390896599
2.215638553	3.606691377
2.269277933	3.613071532
2.27089948	3.429272109
2.323457829	3.632259287
2.37709721	3.638639443
2.379259272	3.467647619
2.431277106	3.657827198
2.484916486	3.664207353
2.487619064	3.50602313
2.539096382	3.683395108
2.592735762	3.689775264
2.595978856	3.54439864
2.646915658	3.708963019
2.700555039	3.715343174
2.704338648	3.58277415
2.754734935	3.734530929
2.808374315	3.740911085
2.81269844	3.621149661
2.862554211	3.76009884
2.916193592	3.766478995
2.921058232	3.659525171
2.970373488	3.78566675
3.024012868	3.792046906
3.029418024	3.697900681
3.078192764	3.811234661
3.131832145	3.817614816
3.137777816	3.736276192
3.186012041	3.836802572
3.239651421	3.843182727
3.246137608	3.774651702
3.293831317	3.862370482
3.347470697	3.868750637
3.3544974	3.813027212
3.401650593	3.887938393
3.455289974	3.894318548
3.462857192	3.851402723
2.054179896	3.130298866
2.055244504	2.921024674
2.1094244	3.162434651
2.163604296	3.181622406
2.165733511	2.985296244
2.2188488	3.213758191
2.273028696	3.232945947
2.276222519	3.049567814
2.328273199	3.265081732
2.382453095	3.284269487
2.386711527	3.113839384
2.437697599	3.316405272
2.491877495	3.335593027
2.497200534	3.178110954
2.547121999	3.367728812
2.601301895	3.386916567
2.607689542	3.242382524
2.656546399	3.419052352
2.710726295	3.438240107
2.71817855	3.306654094
2.765970799	3.470375892
2.820150695	3.489563648
2.828667557	3.370925664
2.875395199	3.521699433
2.929575095	3.540887188
2.939156565	3.435197234
2.984819598	3.573022973
3.038999494	3.592210728
3.049645573	3.499468804
3.094243998	3.624346513
3.148423894	3.643534268
3.16013458	3.563740374
3.203668398	3.675670053
3.257848294	3.694857808
3.270623588	3.628011944
3.313092798	3.726993593
3.367272694	3.746181348
3.381112596	3.692283514
3.422517198	3.778317133
3.476697094	3.797504889
3.491601603	3.756555084
2.055244504	2.698802452
2.056800856	2.489757564
2.11204536	2.744115571
2.167289864	2.776251356
2.170402569	2.580383802
2.22409072	2.821564475
2.279335224	2.85370026
2.284004282	2.67101004
2.336136081	2.899013379
2.391380584	2.931149164
2.397605995	2.761636279
2.448181441	2.976462284
2.503425945	3.008598069
2.511207707	2.852262517
2.560226801	3.053911188
2.615471305	3.086046973
2.62480942	2.942888756
2.672272161	3.131360092
2.727516665	3.163495877
2.738411133	3.033514994
2.784317521	3.208808996
2.839562025	3.240944781
2.852012846	3.124141233
2.896362882	3.286257901
2.951607385	3.318393686
2.965614558	3.214767471
3.008408242	3.363706805
3.063652746	3.39584259
3.079216271	3.305393709
3.120453602	3.441155709
3.175698106	3.473291494
3.192817984	3.396019948
3.232498962	3.518604613
3.287743466	3.550740398
3.306419697	3.486646186
3.344544322	3.596053517
3.399788826	3.628189302
3.420021409	3.577272425
3.456589683	3.673502422
3.511834187	3.705638207
3.533623122	3.667898663
2.056800856	2.267535341
2.115602521	2.326337006
2.172403377	2.371650125
2.231205042	2.43045179
2.288005898	2.475764909
2.346807563	2.534566574
2.403608419	2.579879693
2.462410084	2.638681358
2.51921094	2.683994477
2.578012605	2.742796141
2.634813461	2.788109261
2.693615126	2.846910925
2.750415982	2.892224045
2.809217647	2.951025709
2.866018504	2.996338828
2.924820168	3.055140493
2.981621025	3.100453612
3.040422689	3.159255277
3.097223546	3.204568396
3.15602521	3.263370061
3.212826067	3.30868318
3.271627731	3.367484845
3.328428588	3.412797964
3.387230252	3.471599628
3.444031109	3.516912748
3.502832773	3.575714412
3.55963363	3.621027532
2.535070683	2.113601713
2.625696921	2.227203426
2.71632316	2.340805138
2.806949398	2.454406851
2.897575637	2.568008564
2.988201875	2.681610277
3.078828113	2.795211989
3.169454352	2.908813702
3.26008059	3.022415415
3.350706829	3.136017128
3.441333067	3.24961884
3.531959305	3.363220553
3.622585544	3.476822266
2.953160459	2.110489008
3.017432029	2.220978015
3.081703599	2.331467023
3.145975169	2.441956031
3.210246739	2.552445038
3.274518309	2.662934046
3.338789879	2.773423054
3.403061449	2.883912061
3.467333019	2.994401069
3.531604589	3.104890077
3.595876159	3.215379084
3.660147729	3.325868092
3.724419299	3.4363571
3.371708844	2.108359792
3.410084354	2.216719584
3.448459864	2.325079376
3.486835375	2.433439168
3.525210885	2.54179896
3.563586395	2.650158752
3.601961906	2.758518544
3.640337416	2.866878336
3.678712926	2.975238128
3.717088436	3.08359792
3.755463947	3.191957712
3.793839457	3.300317504
3.832214967	3.408677296
3.790538089	2.107278761
3.803298399	2.214557522
3.81605871	2.321836283
3.828819021	2.429115043
3.841579332	2.536393804
3.854339642	2.643672565
3.867099953	2.750951326
3.879860264	2.858230087
3.892620575	2.965508848
3.905380886	3.072787608
3.918141196	3.180066369
3.930901507	3.28734513
3.943661818	3.394623891
4.209461911	2.107278761
4.196701601	2.214557522
4.18394129	2.321836283
4.171180979	2.429115043
4.158420668	2.536393804
4.145660358	2.643672565
4.132900047	2.750951326
4.120139736	2.858230087
4.107379425	2.965508848
4.094619114	3.072787608
4.081858804	3.180066369
4.069098493	3.28734513
4.056338182	3.394623891
4.628291156	2.108359792
4.589915646	2.216719584
4.551540136	2.325079376
4.513164625	2.433439168
4.474789115	2.54179896
4.436413605	2.650158752
4.398038094	2.758518544
4.359662584	2.866878336
4.321287074	2.975238128
4.282911564	3.08359792
4.244536053	3.191957712
4.206160543	3.300317504
4.167785033	3.408677296
5.046839541	2.110489008
4.982567971	2.220978015
4.918296401	2.331467023
4.854024831	2.441956031
4.789753261	2.552445038
4.725481691	2.662934046
4.661210121	2.773423054
4.596938551	2.883912061
4.532666981	2.994401069
4.468395411	3.104890077
4.404123841	3.215379084
4.339852271	3.325868092
4.275580701	3.4363571
5.464929317	2.113601713
5.374303079	2.227203426
5.28367684	2.340805138
5.193050602	2.454406851
5.102424363	2.568008564
5.011798125	2.681610277
4.921171887	2.795211989
4.830545648	2.908813702
4.73991941	3.022415415
4.649293171	3.136017128
4.558666933	3.24961884
4.468040695	3.363220553
4.377414456	3.476822266
2.281023887	2.058801665
2.489757564	2.056800856
2.326337006	2.115602521
2.385138671	2.174404186
2.580383802	2.170402569
2.43045179	2.231205042
2.489253455	2.290006707
2.67101004	2.284004282
2.534566574	2.346807563
2.593368238	2.405609228
2.761636279	2.397605995
2.638681358	2.462410084
2.697483022	2.521211749
2.852262517	2.511207707
2.742796141	2.578012605
2.801597806	2.63681427
2.942888756	2.62480942
2.846910925	2.693615126
2.90571259	2.752416791
3.033514994	2.738411133
2.951025709	2.809217647
3.009827374	2.868019312
3.124141233	2.852012846
3.055140493	2.924820168
3.113942158	2.983621833
3.214767471	2.965614558
3.159255277	3.040422689
3.218056942	3.099224354
3.305393709	3.079216271
3.263370061	3.15602521
3.322171725	3.214826875
3.396019948	3.192817984
3.367484845	3.271627731
3.426286509	3.330429396
3.486646186	3.306419697
3.471599628	3.387230252
3.530401293	3.446031917
3.577272425	3.420021409
3.575714412	3.502832773
3.634516077	3.561634438
3.667898663	3.533623122
2.711979786	2.056800856
2.921024674	2.055244504
2.744115571	2.11204536
2.78942869	2.168846217
2.985296244	2.165733511
2.821564475	2.22409072
2.866877594	2.280891577
3.049567814	2.276222519
2.899013379	2.336136081
2.944326499	2.392936937
3.113839384	2.386711527
2.976462284	2.448181441
3.021775403	2.504982297
3.178110954	2.497200534
3.053911188	2.560226801
3.099224307	2.617027657
3.242382524	2.607689542
3.131360092	2.672272161
3.176673211	2.729073018
3.306654094	2.71817855
3.208808996	2.784317521
3.254122115	2.841118378
3.370925664	2.828667557
3.286257901	2.896362882
3.33157102	2.953163738
3.435197234	2.939156565
3.363706805	3.008408242
3.409019924	3.065209098
3.499468804	3.049645573
3.441155709	3.120453602
3.486468828	3.177254458
3.563740374	3.16013458
3.518604613	3.232498962
3.563917732	3.289299819
3.628011944	3.270623588
3.596053517	3.344544322
3.641366637	3.401345179
3.692283514	3.381112596
3.673502422	3.456589683
3.718815541	3.513390539
3.756555084	3.491601603
3.143246896	2.055244504
3.352521088	2.054179896
3.162434651	2.1094244
3.194570436	2.164668904
3.390896599	2.162539688
3.213758191	2.2188488
3.245893976	2.274093303
3.429272109	2.27089948
3.265081732	2.328273199
3.297217517	2.383517703
3.467647619	2.379259272
3.316405272	2.437697599
3.348541057	2.492942103
3.50602313	2.487619064
3.367728812	2.547121999
3.399864597	2.602366503
3.54439864	2.595978856
3.419052352	2.656546399
3.451188137	2.711790903
3.58277415	2.704338648
3.470375892	2.765970799
3.502511677	2.821215303
3.621149661	2.81269844
3.521699433	2.875395199
3.553835218	2.930639702
3.659525171	2.921058232
3.573022973	2.984819598
3.605158758	3.040064102
3.697900681	3.029418024
3.624346513	3.094243998
3.656482298	3.149488502
3.736276192	3.137777816
3.675670053	3.203668398
3.707805838	3.258912902
3.774651702	3.246137608
3.726993593	3.313092798
3.759129378	3.368337302
3.813027212	3.3544974
3.778317133	3.422517198
3.810452918	3.477761701
3.851402723	3.462857192
3.574743311	2.054179896
3.784157933	2.05363938
3.581123466	2.107819276
3.600311221	2.161999172
3.796918244	2.160918141
3.606691377	2.215638553
3.625879132	2.269818449
3.809678555	2.268196902
3.632259287	2.323457829
3.651447042	2.377637725
3.822438866	2.375475663
3.657827198	2.431277106
3.677014953	2.485457002
3.835199176	2.482754424
3.683395108	2.539096382
3.702582863	2.593276278
3.847959487	2.590033185
3.708963019	2.646915658
3.728150774	2.701095554
3.860719798	2.697311945
3.734530929	2.754734935
3.753718685	2.808914831
3.873480109	2.804590706
3.76009884	2.862554211
3.779286595	2.916734107
3.886240419	2.911869467
3.78566675	2.970373488
3.804854506	3.024553384
3.89900073	3.019148228
3.811234661	3.078192764
3.830422416	3.13237266
3.911761041	3.126426989
3.836802572	3.186012041
3.855990327	3.240191936
3.924521352	3.23370575
3.862370482	3.293831317
3.881558237	3.348011213
3.937281663	3.340984511
3.887938393	3.401650593
3.907126148	3.455830489
3.950041973	3.448263271
4.006380155	2.05363938
4.215842067	2.05363938
4	2.107278761
4.006380155	2.160918141
4.203081756	2.160918141
4	2.214557522
4.006380155	2.268196902
4.190321445	2.268196902
4	2.321836283
4.006380155	2.375475663
4.177561134	2.375475663
4	2.429115043
4.006380155	2.482754424
4.164800824	2.482754424
4	2.536393804
4.006380155	2.590033185
4.152040513	2.590033185
4	2.643672565
4.006380155	2.697311945
4.139280202	2.697311945
4	2.750951326
4.006380155	2.804590706
4.126519891	2.804590706
4	2.858230087
4.006380155	2.911869467
4.113759581	2.911869467
4	2.965508848
4.006380155	3.019148228
4.10099927	3.019148228
4	3.072787608
4.006380155	3.126426989
4.088238959	3.126426989
4	3.180066369
4.006380155	3.23370575
4.075478648	3.23370575
4	3.28734513
4.006380155	3.340984511
4.062718337	3.340984511
4	3.394623891
4.006380155	3.448263271
4.049958027	3.448263271
4.438064289	2.05363938
4.647478912	2.054179896
4.418876534	2.107819276
4.412496379	2.161458657
4.609103401	2.162539688
4.393308623	2.215638553
4.386928468	2.269277933
4.570727891	2.27089948
4.367740713	2.323457829
4.361360557	2.37709721
4.532352381	2.379259272
4.342172802	2.431277106
4.335792647	2.484916486
4.49397687	2.487619064
4.316604892	2.539096382
4.310224736	2.592735762
4.45560136	2.595978856
4.291036981	2.646915658
4.284656826	2.700555039
4.41722585	2.704338648
4.265469071	2.754734935
4.259088915	2.808374315
4.378850339	2.81269844
4.23990116	2.862554211
4.233521005	2.916193592
4.340474829	2.921058232
4.21433325	2.970373488
4.207953094	3.024012868
4.302099319	3.029418024
4.188765339	3.078192764
4.182385184	3.131832145
4.263723808	3.137777816
4.163197428	3.186012041
4.156817273	3.239651421
4.225348298	3.246137608
4.137629518	3.293831317
4.131249363	3.347470697
4.186972788	3.3544974
4.112061607	3.401650593
4.105681452	3.455289974
4.148597277	3.462857192
4.869701134	2.054179896
5.078975326	2.055244504
4.837565349	2.1094244
4.818377594	2.163604296
5.014703756	2.165733511
4.786241809	2.2188488
4.767054053	2.273028696
4.950432186	2.276222519
4.734918268	2.328273199
4.715730513	2.382453095
4.886160616	2.386711527
4.683594728	2.437697599
4.664406973	2.491877495
4.821889046	2.497200534
4.632271188	2.547121999
4.613083433	2.601301895
4.757617476	2.607689542
4.580947648	2.656546399
4.561759893	2.710726295
4.693345906	2.71817855
4.529624108	2.765970799
4.510436353	2.820150695
4.629074336	2.828667557
4.478300567	2.875395199
4.459112812	2.929575095
4.564802766	2.939156565
4.426977027	2.984819598
4.407789272	3.038999494
4.500531196	3.049645573
4.375653487	3.094243998
4.356465732	3.148423894
4.436259626	3.16013458
4.324329947	3.203668398
4.305142192	3.257848294
4.371988056	3.270623588
4.273006407	3.313092798
4.253818652	3.367272694
4.307716486	3.381112596
4.221682867	3.422517198
4.202495111	3.476697094
4.243444916	3.491601603
5.301197548	2.055244504
5.510242436	2.056800856
5.255884429	2.11204536
5.223748644	2.167289864
5.419616198	2.170402569
5.178435525	2.22409072
5.14629974	2.279335224
5.32898996	2.284004282
5.100986621	2.336136081
5.068850836	2.391380584
5.238363721	2.397605995
5.023537716	2.448181441
4.991401931	2.503425945
5.147737483	2.511207707
4.946088812	2.560226801
4.913953027	2.615471305
5.057111244	2.62480942
4.868639908	2.672272161
4.836504123	2.727516665
4.966485006	2.738411133
4.791191004	2.784317521
4.759055219	2.839562025
4.875858767	2.852012846
4.713742099	2.896362882
4.681606314	2.951607385
4.785232529	2.965614558
4.636293195	3.008408242
4.60415741	3.063652746
4.694606291	3.079216271
4.558844291	3.120453602
4.526708506	3.175698106
4.603980052	3.192817984
4.481395387	3.232498962
4.449259602	3.287743466
4.513353814	3.306419697
4.403946483	3.344544322
4.371810698	3.399788826
4.422727575	3.420021409
4.326497578	3.456589683
4.294361793	3.511834187
4.332101337	3.533623122
5.732464659	2.056800856
5.673662994	2.115602521
5.628349875	2.172403377
5.56954821	2.231205042
5.524235091	2.288005898
5.465433426	2.346807563
5.420120307	2.403608419
5.361318642	2.462410084
5.316005523	2.51921094
5.257203859	2.578012605
5.211890739	2.634813461
5.153089075	2.693615126
5.107775955	2.750415982
5.048974291	2.809217647
5.003661172	2.866018504
4.944859507	2.924820168
4.899546388	2.981621025
4.840744723	3.040422689
4.795431604	3.097223546
4.736629939	3.15602521
4.69131682	3.212826067
4.632515155	3.271627731
4.587202036	3.328428588
4.528400372	3.387230252
4.483087252	3.444031109
4.424285588	3.502832773
4.378972468	3.55963363
5.886398287	2.535070683
5.772796574	2.625696921
5.659194862	2.71632316
5.545593149	2.806949398
5.431991436	2.897575637
5.318389723	2.988201875
5.204788011	3.078828113
5.091186298	3.169454352
4.977584585	3.26008059
4.863982872	3.350706829
4.75038116	3.441333067
4.636779447	3.531959305
4.523177734	3.622585544
5.889510992	2.953160459
5.779021985	3.017432029
5.668532977	3.081703599
5.558043969	3.145975169
5.447554962	3.210246739
5.337065954	3.274518309
5.226576946	3.338789879
5.116087939	3.403061449
5.005598931	3.467333019
4.895109923	3.531604589
4.784620916	3.595876159
4.674131908	3.660147729
4.5636429	3.724419299
5.891640208	3.371708844
5.783280416	3.410084354
5.674920624	3.448459864
5.566560832	3.486835375
5.45820104	3.525210885
5.349841248	3.563586395
5.241481456	3.601961906
5.133121664	3.640337416
5.024761872	3.678712926
4.91640208	3.717088436
4.808042288	3.755463947
4.699682496	3.793839457
4.591322704	3.832214967
5.892721239	3.790538089
5.785442478	3.803298399
5.678163717	3.81605871
5.570884957	3.828819021
5.463606196	3.841579332
5.356327435	3.854339642
5.249048674	3.867099953
5.141769913	3.879860264
5.034491152	3.892620575
4.927212392	3.905380886
4.819933631	3.918141196
4.71265487	3.930901507
4.605376109	3.943661818
5.892721239	4.209461911
5.785442478	4.196701601
5.678163717	4.18394129
5.570884957	4.171180979
5.463606196	4.158420668
5.356327435	4.145660358
5.249048674	4.132900047
5.141769913	4.120139736
5.034491152	4.107379425
4.927212392	4.094619114
4.819933631	4.081858804
4.71265487	4.069098493
4.605376109	4.056338182
5.891640208	4.628291156
5.783280416	4.589915646
5.674920624	4.551540136
5.566560832	4.513164625
5.45820104	4.474789115
5.349841248	4.436413605
5.241481456	4.398038094
5.133121664	4.359662584
5.024761872	4.321287074
4.91640208	4.282911564
4.808042288	4.244536053
4.699682496	4.206160543
4.591322704	4.167785033
5.889510992	5.046839541
5.779021985	4.982567971
5.668532977	4.918296401
5.558043969	4.854024831
5.447554962	4.789753261
5.337065954	4.725481691
5.226576946	4.661210121
5.116087939	4.596938551
5.005598931	4.532666981
4.895109923	4.468395411
4.784620916	4.404123841
4.674131908	4.339852271
4.5636429	4.275580701
5.886398287	5.464929317
5.772796574	5.374303079
5.659194862	5.28367684
5.545593149	5.193050602
5.431991436	5.102424363
5.318389723	5.011798125
5.204788011	4.921171887
5.091186298	4.830545648
4.977584585	4.73991941
4.863982872	4.649293171
4.75038116	4.558666933
4.636779447	4.468040695
4.523177734	4.377414456
5.941198335	2.281023887
5.943199144	2.489757564
5.884397479	2.326337006
5.825595814	2.385138671
5.829597431	2.580383802
5.768794958	2.43045179
5.709993293	2.489253455
5.715995718	2.67101004
5.653192437	2.534566574
5.594390772	2.593368238
5.602394005	2.761636279
5.537589916	2.638681358
5.478788251	2.697483022
5.488792293	2.852262517
5.421987395	2.742796141
5.36318573	2.801597806
5.37519058	2.942888756
5.306384874	2.846910925
5.247583209	2.90571259
5.261588867	3.033514994
5.190782353	2.951025709
5.131980688	3.009827374
5.147987154	3.124141233
5.075179832	3.055140493
5.016378167	3.113942158
5.034385442	3.214767471
4.959577311	3.159255277
4.900775646	3.218056942
4.920783729	3.305393709
4.84397479	3.263370061
4.785173125	3.322171725
4.807182016	3.396019948
4.728372269	3.367484845
4.669570604	3.426286509
4.693580303	3.486646186
4.612769748	3.471599628
4.553968083	3.530401293
4.579978591	3.577272425
4.497167227	3.575714412
4.438365562	3.634516077
4.466376878	3.667898663
5.943199144	2.711979786
5.944755496	2.921024674
5.88795464	2.744115571
5.831153783	2.78942869
5.834266489	2.985296244
5.77590928	2.821564475
5.719108423	2.866877594
5.723777481	3.049567814
5.663863919	2.899013379
5.607063063	2.944326499
5.613288473	3.113839384
5.551818559	2.976462284
5.495017703	3.021775403
5.502799466	3.178110954
5.439773199	3.053911188
5.382972343	3.099224307
5.392310458	3.242382524
5.327727839	3.131360092
5.270926982	3.176673211
5.28182145	3.306654094
5.215682479	3.208808996
5.158881622	3.254122115
5.171332443	3.370925664
5.103637118	3.286257901
5.046836262	3.33157102
5.060843435	3.435197234
4.991591758	3.363706805
4.934790902	3.409019924
4.950354427	3.499468804
4.879546398	3.441155709
4.822745542	3.486468828
4.83986542	3.563740374
4.767501038	3.518604613
4.710700181	3.563917732
4.729376412	3.628011944
4.655455678	3.596053517
4.598654821	3.641366637
4.618887404	3.692283514
4.543410317	3.673502422
4.486609461	3.718815541
4.508398397	3.756555084
5.944755496	3.143246896
5.945820104	3.352521088
5.8905756	3.162434651
5.835331096	3.194570436
5.837460312	3.390896599
5.7811512	3.213758191
5.725906697	3.245893976
5.72910052	3.429272109
5.671726801	3.265081732
5.616482297	3.297217517
5.620740728	3.467647619
5.562302401	3.316405272
5.507057897	3.348541057
5.512380936	3.50602313
5.452878001	3.367728812
5.397633497	3.399864597
5.404021144	3.54439864
5.343453601	3.419052352
5.288209097	3.451188137
5.295661352	3.58277415
5.234029201	3.470375892
5.178784697	3.502511677
5.18730156	3.621149661
5.124604801	3.521699433
5.069360298	3.553835218
5.078941768	3.659525171
5.015180402	3.573022973
4.959935898	3.605158758
4.970581976	3.697900681
4.905756002	3.624346513
4.850511498	3.656482298
4.862222184	3.736276192
4.796331602	3.675670053
4.741087098	3.707805838
4.753862392	3.774651702
4.686907202	3.726993593
4.631662698	3.759129378
4.6455026	3.813027212
4.577482802	3.778317133
4.522238299	3.810452918
4.537142808	3.851402723
5.945820104	3.574743311
5.94636062	3.784157933
5.892180724	3.581123466
5.838000828	3.600311221
5.839081859	3.796918244
5.784361447	3.606691377
5.730181551	3.625879132
5.731803098	3.809678555
5.676542171	3.632259287
5.622362275	3.651447042
5.624524337	3.822438866
5.568722894	3.657827198
5.514542998	3.677014953
5.517245576	3.835199176
5.460903618	3.683395108
5.406723722	3.702582863
5.409966815	3.847959487
5.353084342	3.708963019
5.298904446	3.728150774
5.302688055	3.860719798
5.245265065	3.734530929
5.191085169	3.753718685
5.195409294	3.873480109
5.137445789	3.76009884
5.083265893	3.779286595
5.088130533	3.886240419
5.029626512	3.78566675
4.975446616	3.804854506
4.980851772	3.89900073
4.921807236	3.811234661
4.86762734	3.830422416
4.873573011	3.911761041
4.813987959	3.836802572
4.759808064	3.855990327
4.76629425	3.924521352
4.706168683	3.862370482
4.651988787	3.881558237
4.659015489	3.937281663
4.598349407	3.887938393
4.544169511	3.907126148
4.551736729	3.950041973
5.94636062	4.006380155
5.94636062	4.215842067
5.892721239	4
5.839081859	4.006380155
5.839081859	4.203081756
5.785442478	4
5.731803098	4.006380155
5.731803098	4.190321445
5.678163717	4
5.624524337	4.006380155
5.624524337	4.177561134
5.570884957	4
5.517245576	4.006380155
5.517245576	4.164800824
5.463606196	4
5.409966815	4.006380155
5.409966815	4.152040513
5.356327435	4
5.302688055	4.006380155
5.302688055	4.139280202
5.249048674	4
5.195409294	4.006380155
5.195409294	4.126519891
5.141769913	4
5.088130533	4.006380155
5.088130533	4.113759581
5.034491152	4
4.980851772	4.006380155
4.980851772	4.10099927
4.927212392	4
4.873573011	4.006380155
4.873573011	4.088238959
4.819933631	4
4.76629425	4.006380155
4.76629425	4.075478648
4.71265487	4
4.659015489	4.006380155
4.659015489	4.062718337
4.605376109	4
4.551736729	4.006380155
4.551736729	4.049958027
5.94636062	4.438064289
5.945820104	4.647478912
5.892180724	4.418876534
5.838541343	4.412496379
5.837460312	4.609103401
5.784361447	4.393308623
5.730722067	4.386928468
5.72910052	4.570727891
5.676542171	4.367740713
5.62290279	4.361360557
5.620740728	4.532352381
5.568722894	4.342172802
5.515083514	4.335792647
5.512380936	4.49397687
5.460903618	4.316604892
5.407264238	4.310224736
5.404021144	4.45560136
5.353084342	4.291036981
5.299444961	4.284656826
5.295661352	4.41722585
5.245265065	4.265469071
5.191625685	4.259088915
5.18730156	4.378850339
5.137445789	4.23990116
5.083806408	4.233521005
5.078941768	4.340474829
5.029626512	4.21433325
4.975987132	4.207953094
4.970581976	4.302099319
4.921807236	4.188765339
4.868167855	4.182385184
4.862222184	4.263723808
4.813987959	4.163197428
4.760348579	4.156817273
4.753862392	4.225348298
4.706168683	4.137629518
4.652529303	4.131249363
4.6455026	4.186972788
4.598349407	4.112061607
4.544710026	4.105681452
4.537142808	4.148597277
5.945820104	4.869701134
5.944755496	5.078975326
5.8905756	4.837565349
5.836395704	4.818377594
5.834266489	5.014703756
5.7811512	4.786241809
5.726971304	4.767054053
5.723777481	4.950432186
5.671726801	4.734918268
5.617546905	4.715730513
5.613288473	4.886160616
5.562302401	4.683594728
5.508122505	4.664406973
5.502799466	4.821889046
5.452878001	4.632271188
5.398698105	4.613083433
5.392310458	4.757617476
5.343453601	4.580947648
5.289273705	4.561759893
5.28182145	4.693345906
5.234029201	4.529624108
5.179849305	4.510436353
5.171332443	4.629074336
5.124604801	4.478300567
5.070424905	4.459112812
5.060843435	4.564802766
5.015180402	4.426977027
4.961000506	4.407789272
4.950354427	4.500531196
4.905756002	4.375653487
4.851576106	4.356465732
4.83986542	4.436259626
4.796331602	4.324329947
4.742151706	4.305142192
4.729376412	4.371988056
4.686907202	4.273006407
4.632727306	4.253818652
4.618887404	4.307716486
4.577482802	4.221682867
4.523302906	4.202495111
4.508398397	4.243444916
5.944755496	5.301197548
5.943199144	5.510242436
5.88795464	5.255884429
5.832710136	5.223748644
5.829597431	5.419616198
5.77590928	5.178435525
5.720664776	5.14629974
5.715995718	5.32898996
5.663863919	5.100986621
5.608619416	5.068850836
5.602394005	5.238363721
5.551818559	5.023537716
5.496574055	4.991401931
5.488792293	5.147737483
5.439773199	4.946088812
5.384528695	4.913953027
5.37519058	5.057111244
5.327727839	4.868639908
5.272483335	4.836504123
5.261588867	4.966485006
5.215682479	4.791191004
5.160437975	4.759055219
5.147987154	4.875858767
5.103637118	4.713742099
5.048392615	4.681606314
5.034385442	4.785232529
4.991591758	4.636293195
4.936347254	4.60415741
4.920783729	4.694606291
4.879546398	4.558844291
4.824301894	4.526708506
4.807182016	4.603980052
4.767501038	4.481395387
4.712256534	4.449259602
4.693580303	4.513353814
4.655455678	4.403946483
4.600211174	4.371810698
4.579978591	4.422727575
4.543410317	4.326497578
4.488165813	4.294361793
4.466376878	4.332101337
5.943199144	5.732464659
5.884397479	5.673662994
5.827596623	5.628349875
5.768794958	5.56954821
5.711994102	5.524235091
5.653192437	5.465433426
5.596391581	5.420120307
5.537589916	5.361318642
5.48078906	5.316005523
5.421987395	5.257203859
5.365186539	5.211890739
5.306384874	5.153089075
5.249584018	5.107775955
5.190782353	5.048974291
5.133981496	5.003661172
5.075179832	4.944859507
5.018378975	4.899546388
4.959577311	4.840744723
4.902776454	4.795431604
4.84397479	4.736629939
4.787173933	4.69131682
4.728372269	4.632515155
4.671571412	4.587202036
4.612769748	4.528400372
4.555968891	4.483087252
4.497167227	4.424285588
4.44036637	4.378972468
5.464929317	5.886398287
5.374303079	5.772796574
5.28367684	5.659194862
5.193050602	5.545593149
5.102424363	5.431991436
5.011798125	5.318389723
4.921171887	5.204788011
4.830545648	5.091186298
4.73991941	4.977584585
4.649293171	4.863982872
4.558666933	4.75038116
4.468040695	4.636779447
4.377414456	4.523177734
5.046839541	5.889510992
4.982567971	5.779021985
4.918296401	5.668532977
4.854024831	5.558043969
4.789753261	5.447554962
4.725481691	5.337065954
4.661210121	5.226576946
4.596938551	5.116087939
4.532666981	5.005598931
4.468395411	4.895109923
4.404123841	4.784620916
4.339852271	4.674131908
4.275580701	4.5636429
4.628291156	5.891640208
4.589915646	5.783280416
4.551540136	5.674920624
4.513164625	5.566560832
4.474789115	5.45820104
4.436413605	5.349841248
4.398038095	5.241481456
4.359662584	5.133121664
4.321287074	5.024761872
4.282911564	4.91640208
4.244536053	4.808042288
4.206160543	4.699682496
4.167785033	4.591322704
4.209461911	5.892721239
4.196701601	5.785442478
4.18394129	5.678163717
4.171180979	5.570884957
4.158420668	5.463606196
4.145660358	5.356327435
4.132900047	5.249048674
4.120139736	5.141769913
4.107379425	5.034491152
4.094619114	4.927212392
4.081858804	4.819933631
4.069098493	4.71265487
4.056338182	4.605376109
3.790538089	5.892721239
3.803298399	5.785442478
3.81605871	5.678163717
3.828819021	5.570884957
3.841579332	5.463606196
3.854339642	5.356327435
3.867099953	5.249048674
3.879860264	5.141769913
3.892620575	5.034491152
3.905380886	4.927212392
3.918141196	4.819933631
3.930901507	4.71265487
3.943661818	4.605376109
3.371708844	5.891640208
3.410084354	5.783280416
3.448459864	5.674920624
3.486835375	5.566560832
3.525210885	5.45820104
3.563586395	5.349841248
3.601961906	5.241481456
3.640337416	5.133121664
3.678712926	5.024761872
3.717088436	4.91640208
3.755463947	4.808042288
3.793839457	4.699682496
3.832214967	4.591322704
2.953160459	5.889510992
3.017432029	5.779021985
3.081703599	5.668532977
3.145975169	5.558043969
3.210246739	5.447554962
3.274518309	5.337065954
3.338789879	5.226576946
3.403061449	5.116087939
3.467333019	5.005598931
3.531604589	4.895109923
3.595876159	4.784620916
3.660147729	4.674131908
3.724419299	4.5636429
2.535070683	5.886398287
2.625696921	5.772796574
2.71632316	5.659194862
2.806949398	5.545593149
2.897575637	5.431991436
2.988201875	5.318389723
3.078828113	5.204788011
3.169454352	5.091186298
3.26008059	4.977584585
3.350706829	4.863982872
3.441333067	4.75038116
3.531959305	4.636779447
3.622585544	4.523177734
5.718976113	5.941198335
5.510242436	5.943199144
5.673662994	5.884397479
5.614861329	5.825595814
5.419616198	5.829597431
5.56954821	5.768794958
5.510746545	5.709993293
5.32898996	5.715995718
5.465433426	5.653192437
5.406631762	5.594390772
5.238363721	5.602394005
5.361318642	5.537589916
5.302516978	5.478788251
5.147737483	5.488792293
5.257203859	5.421987395
5.198402194	5.36318573
5.057111244	5.37519058
5.153089075	5.306384874
5.09428741	5.247583209
4.966485006	5.261588867
5.048974291	5.190782353
4.990172626	5.131980688
4.875858767	5.147987154
4.944859507	5.075179832
4.886057842	5.016378167
4.785232529	5.034385442
4.840744723	4.959577311
4.781943058	4.900775646
4.694606291	4.920783729
4.736629939	4.84397479
4.677828275	4.785173125
4.603980052	4.807182016
4.632515155	4.728372269
4.573713491	4.669570604
4.513353814	4.693580303
4.528400372	4.612769748
4.469598707	4.553968083
4.422727575	4.579978591
4.424285588	4.497167227
4.365483923	4.438365562
4.332101337	4.466376878
5.288020214	5.943199144
5.078975326	5.944755496
5.255884429	5.88795464
5.21057131	5.831153783
5.014703756	5.834266489
5.178435525	5.77590928
5.133122406	5.719108423
4.950432186	5.723777481
5.100986621	5.663863919
5.055673501	5.607063063
4.886160616	5.613288473
5.023537716	5.551818559
4.978224597	5.495017703
4.821889046	5.502799466
4.946088812	5.439773199
4.900775693	5.382972343
4.757617476	5.392310458
4.868639908	5.327727839
4.823326789	5.270926982
4.693345906	5.28182145
4.791191004	5.215682479
4.745877885	5.158881622
4.629074336	5.171332443
4.713742099	5.103637118
4.66842898	5.046836262
4.564802766	5.060843435
4.636293195	4.991591758
4.590980076	4.934790902
4.500531196	4.950354427
4.558844291	4.879546398
4.513531172	4.822745542
4.436259626	4.83986542
4.481395387	4.767501038
4.436082268	4.710700181
4.371988056	4.729376412
4.403946483	4.655455678
4.358633363	4.598654821
4.307716486	4.618887404
4.326497578	4.543410317
4.281184459	4.486609461
4.243444916	4.508398397
4.856753104	5.944755496
4.647478912	5.945820104
4.837565349	5.8905756
4.805429564	5.835331096
4.609103401	5.837460312
4.786241809	5.7811512
4.754106024	5.725906697
4.570727891	5.72910052
4.734918268	5.671726801
4.702782483	5.616482297
4.532352381	5.620740728
4.683594728	5.562302401
4.651458943	5.507057897
4.49397687	5.512380936
4.632271188	5.452878001
4.600135403	5.397633497
4.45560136	5.404021144
4.580947648	5.343453601
4.548811863	5.288209097
4.41722585	5.295661352
4.529624108	5.234029201
4.497488323	5.178784697
4.378850339	5.18730156
4.478300567	5.124604801
4.446164782	5.069360298
4.340474829	5.078941768
4.426977027	5.015180402
4.394841242	4.959935898
4.302099319	4.970581976
4.375653487	4.905756002
4.343517702	4.850511498
4.263723808	4.862222184
4.324329947	4.796331602
4.292194162	4.741087098
4.225348298	4.753862392
4.273006407	4.686907202
4.240870622	4.631662698
4.186972788	4.6455026
4.221682867	4.577482802
4.189547082	4.522238299
4.148597277	4.537142808
4.425256689	5.945820104
4.215842067	5.94636062
4.418876534	5.892180724
4.399688779	5.838000828
4.203081756	5.839081859
4.393308623	5.784361447
4.374120868	5.730181551
4.190321445	5.731803098
4.367740713	5.676542171
4.348552958	5.622362275
4.177561134	5.624524337
4.342172802	5.568722894
4.322985047	5.514542998
4.164800824	5.517245576
4.316604892	5.460903618
4.297417137	5.406723722
4.152040513	5.409966815
4.291036981	5.353084342
4.271849226	5.298904446
4.139280202	5.302688055
4.265469071	5.245265065
4.246281315	5.191085169
4.126519891	5.195409294
4.23990116	5.137445789
4.220713405	5.083265893
4.113759581	5.088130533
4.21433325	5.029626512
4.195145494	4.975446616
4.10099927	4.980851772
4.188765339	4.921807236
4.169577584	4.86762734
4.088238959	4.873573011
4.163197428	4.813987959
4.144009673	4.759808064
4.075478648	4.76629425
4.137629518	4.706168683
4.118441763	4.651988787
4.062718337	4.659015489
4.112061607	4.598349407
4.092873852	4.544169511
4.049958027	4.551736729
3.993619845	5.94636062
3.784157933	5.94636062
4	5.892721239
3.993619845	5.839081859
3.796918244	5.839081859
4	5.785442478
3.993619845	5.731803098
3.809678555	5.731803098
4	5.678163717
3.993619845	5.624524337
3.822438866	5.624524337
4	5.570884957
3.993619845	5.517245576
3.835199176	5.517245576
4	5.463606196
3.993619845	5.409966815
3.847959487	5.409966815
4	5.356327435
3.993619845	5.302688055
3.860719798	5.302688055
4	5.249048674
3.993619845	5.195409294
3.873480109	5.195409294
4	5.141769913
3.993619845	5.088130533
3.886240419	5.088130533
4	5.034491152
3.993619845	4.980851772
3.89900073	4.980851772
4	4.927212392
3.993619845	4.873573011
3.911761041	4.873573011
4	4.819933631
3.993619845	4.76629425
3.924521352	4.76629425
4	4.71265487
3.993619845	4.659015489
3.937281663	4.659015489
4	4.605376109
3.993619845	4.551736729
3.950041973	4.551736729
3.561935711	5.94636062
3.352521088	5.945820104
3.581123466	5.892180724
3.587503621	5.838541343
3.390896599	5.837460312
3.606691377	5.784361447
3.613071532	5.730722067
3.429272109	5.72910052
3.632259287	5.676542171
3.638639443	5.62290279
3.467647619	5.620740728
3.657827198	5.568722894
3.664207353	5.515083514
3.50602313	5.512380936
3.683395108	5.460903618
3.689775264	5.407264238
3.54439864	5.404021144
3.708963019	5.353084342
3.715343174	5.299444961
3.58277415	5.295661352
3.734530929	5.245265065
3.740911085	5.191625685
3.621149661	5.18730156
3.76009884	5.137445789
3.766478995	5.083806408
3.659525171	5.078941768
3.78566675	5.029626512
3.792046906	4.975987132
3.697900681	4.970581976
3.811234661	4.921807236
3.817614816	4.868167855
3.736276192	4.862222184
3.836802572	4.81398796
3.843182727	4.760348579
3.774651702	4.753862392
3.862370482	4.706168683
3.868750637	4.652529303
3.813027212	4.6455026
3.887938393	4.598349407
3.894318548	4.544710026
3.851402723	4.537142808
3.130298866	5.945820104
2.921024674	5.944755496
3.162434651	5.8905756
3.181622406	5.836395704
2.985296244	5.834266489
3.213758191	5.7811512
3.232945947	5.726971304
3.049567814	5.723777481
3.265081732	5.671726801
3.284269487	5.617546905
3.113839384	5.613288473
3.316405272	5.562302401
3.335593027	5.508122505
3.178110954	5.502799466
3.367728812	5.452878001
3.386916567	5.398698105
3.242382524	5.392310458
3.419052352	5.343453601
3.438240107	5.289273705
3.306654094	5.28182145
3.470375892	5.234029201
3.489563647	5.179849305
3.370925664	5.171332443
3.521699433	5.124604801
3.540887188	5.070424905
3.435197234	5.060843435
3.573022973	5.015180402
3.592210728	4.961000506
3.499468804	4.950354427
3.624346513	4.905756002
3.643534268	4.851576106
3.563740374	4.83986542
3.675670053	4.796331602
3.694857808	4.742151706
3.628011944	4.729376412
3.726993593	4.686907202
3.746181348	4.632727306
3.692283514	4.618887404
3.778317133	4.577482802
3.797504889	4.523302906
3.756555084	4.508398397
2.698802452	5.944755496
2.489757564	5.943199144
2.744115571	5.88795464
2.776251356	5.832710136
2.580383802	5.829597431
2.821564475	5.77590928
2.85370026	5.720664776
2.67101004	5.715995718
2.899013379	5.663863919
2.931149164	5.608619416
2.761636279	5.602394005
2.976462284	5.551818559
3.008598069	5.496574055
2.852262517	5.488792293
3.053911188	5.439773199
3.086046973	5.384528695
2.942888756	5.37519058
3.131360092	5.327727839
3.163495877	5.272483335
3.033514994	5.261588867
3.208808996	5.215682479
3.240944781	5.160437975
3.124141233	5.147987154
3.286257901	5.103637118
3.318393686	5.048392615
3.214767471	5.034385442
3.363706805	4.991591758
3.39584259	4.936347254
3.305393709	4.920783729
3.441155709	4.879546398
3.473291494	4.824301894
3.396019948	4.807182016
3.518604613	4.767501038
3.550740398	4.712256534
3.486646186	4.693580303
3.596053517	4.655455678
3.628189302	4.600211174
3.577272425	4.579978591
3.673502422	4.543410317
3.705638207	4.488165813
3.667898663	4.466376878
2.267535341	5.943199144
2.326337006	5.884397479
2.371650125	5.827596623
2.43045179	5.768794958
2.475764909	5.711994102
2.534566574	5.653192437
2.579879693	5.596391581
2.638681358	5.537589916
2.683994477	5.48078906
2.742796141	5.421987395
2.788109261	5.365186539
2.846910925	5.306384874
2.892224045	5.249584018
2.951025709	5.190782353
2.996338828	5.133981496
3.055140493	5.075179832
3.100453612	5.018378975
3.159255277	4.959577311
3.204568396	4.902776454
3.263370061	4.84397479
3.30868318	4.787173933
3.367484845	4.728372269
3.412797964	4.671571412
3.471599628	4.612769748
3.516912748	4.555968891
3.575714412	4.497167227
3.621027532	4.44036637

--------------------------------------------------------------------------------
ELEMENT CONNECTIVITY
--------------------------------------------------------------------------------
8	77	145	85	357	158
145	77	253	357	358	359
145	253	146	359	360	159
146	253	254	360	361	362
146	254	147	362	363	160
147	254	255	363	364	365
147	255	148	365	366	161
148	255	256	366	367	368
148	256	149	368	369	162
149	256	257	369	370	371
149	257	150	371	372	163
150	257	258	372	373	374
150	258	151	374	375	164
151	258	259	375	376	377
151	259	152	377	378	165
152	259	260	378	379	380
152	260	153	380	381	166
153	260	261	381	382	383
153	261	154	383	384	167
154	261	262	384	385	386
154	262	155	386	387	168
155	262	263	387	388	389
155	263	156	389	390	169
156	263	264	390	391	392
156	264	157	392	393	170
157	264	265	393	394	395
157	265	1	395	396	171
1	265	26	396	397	34
77	78	253	86	398	358
253	78	266	398	399	400
253	266	254	400	401	361
254	266	267	401	402	403
254	267	255	403	404	364
255	267	268	404	405	406
255	268	256	406	407	367
256	268	269	407	408	409
256	269	257	409	410	370
257	269	270	410	411	412
257	270	258	412	413	373
258	270	271	413	414	415
258	271	259	415	416	376
259	271	272	416	417	418
259	272	260	418	419	379
260	272	273	419	420	421
260	273	261	421	422	382
261	273	274	422	423	424
261	274	262	424	425	385
262	274	275	425	426	427
262	275	263	427	428	388
263	275	276	428	429	430
263	276	264	430	431	391
264	276	277	431	432	433
264	277	265	433	434	394
265	277	278	434	435	436
265	278	26	436	437	397
26	278	27	437	438	35
78	79	266	87	439	399
266	79	279	439	440	441
266	279	267	441	442	402
267	279	280	442	443	444
267	280	268	444	445	405
268	280	281	445	446	447
268	281	269	447	448	408
269	281	282	448	449	450
269	282	270	450	451	411
270	282	283	451	452	453
270	283	271	453	454	414
271	283	284	454	455	456
271	284	272	456	457	417
272	284	285	457	458	459
272	285	273	459	460	420
273	285	286	460	461	462
273	286	274	462	463	423
274	286	287	463	464	465
274	287	275	465	466	426
275	287	288	466	467	468
275	288	276	468	469	429
276	288	289	469	470	471
276	289	277	471	472	432
277	289	290	472	473	474
277	290	278	474	475	435
278	290	291	475	476	477
278	291	27	477	478	438
27	291	28	478	479	36
79	80	279	88	480	440
279	80	292	480	481	482
279	292	280	482	483	443
280	292	293	483	484	485
280	293	281	485	486	446
281	293	294	486	487	488
281	294	282	488	489	449
282	294	295	489	490	491
282	295	283	491	492	452
283	295	296	492	493	494
283	296	284	494	495	455
284	296	297	495	496	497
284	297	285	497	498	458
285	297	298	498	499	500
285	298	286	500	501	461
286	298	299	501	502	503
286	299	287	503	504	464
287	299	300	504	505	506
287	300	288	506	507	467
288	300	301	507	508	509
288	301	289	509	510	470
289	301	302	510	511	512
289	302	290	512	513	473
290	302	303	513	514	515
290	303	291	515	516	476
291	303	304	516	517	518
291	304	28	518	519	479
28	304	29	519	520	37
80	81	292	89	521	481
292	81	305	521	522	523
292	305	293	523	524	484
293	305	306	524	525	526
293	306	294	526	527	487
294	306	307	527	528	529
294	307	295	529	530	490
295	307	308	530	531	532
295	308	296	532	533	493
296	308	309	533	534	535
296	309	297	535	536	496
297	309	310	536	537	538
297	310	298	538	539	499
298	310	311	539	540	541
298	311	299	541	542	502
299	311	312	542	543	544
299	312	300	544	545	505
300	312	313	545	546	547
300	313	301	547	548	508
301	313	314	548	549	550
301	314	302	550	551	511
302	314	315	551	552	553
302	315	303	553	554	514
303	315	316	554	555	556
303	316	304	556	557	517
304	316	317	557	558	559
304	317	29	559	560	520
29	317	30	560	561	38
81	82	305	90	562	522
305	82	318	562	563	564
305	318	306	564	565	525
306	318	319	565	566	567
306	319	307	567	568	528
307	319	320	568	569	570
307	320	308	570	571	531
308	320	321	571	572	573
308	321	309	573	574	534
309	321	322	574	575	576
309	322	310	576	577	537
310	322	323	577	578	579
310	323	311	579	580	540
311	323	324	580	581	582
311	324	312	582	583	543
312	324	325	583	584	585
312	325	313	585	586	546
313	325	326	586	587	588
313	326	314	588	589	549
314	326	327	589	590	591
314	327	315	591	592	552
315	327	328	592	593	594
315	328	316	594	595	555
316	328	329	595	596	597
316	329	317	597	598	558
317	329	330	598	599	600
317	330	30	600	601	561
30	330	31	601	602	39
82	83	318	91	603	563
318	83	331	603	604	605
318	331	319	605	606	566
319	331	332	606	607	608
319	332	320	608	609	569
320	332	333	609	610	611
320	333	321	611	612	572
321	333	334	612	613	614
321	334	322	614	615	575
322	334	335	615	616	617
322	335	323	617	618	578
323	335	336	618	619	620
323	336	324	620	621	581
324	336	337	621	622	623
324	337	325	623	624	584
325	337	338	624	625	626
325	338	326	626	627	587
326	338	339	627	628	629
326	339	327	629	630	590
327	339	340	630	631	632
327	340	328	632	633	593
328	340	341	633	634	635
328	341	329	635	636	596
329	341	342	636	637	638
329	342	330	638	639	599
330	342	343	639	640	641
330	343	31	641	642	602
31	343	32	642	643	40
83	84	331	92	644	604
331	84	344	644	645	646
331	344	332	646	647	607
332	344	345	647	648	649
332	345	333	649	650	610
333	345	346	650	651	652
333	346	334	652	653	613
334	346	347	653	654	655
334	347	335	655	656	616
335	347	348	656	657	658
335	348	336	658	659	619
336	348	349	659	660	661
336	349	337	661	662	622
337	349	350	662	663	664
337	350	338	664	665	625
338	350	351	665	666	667
338	351	339	667	668	628
339	351	352	668	669	670
339	352	340	670	671	631
340	352	353	671	672	673
340	353	341	673	674	634
341	353	354	674	675	676
341	354	342	676	677	637
342	354	355	677	678	679
342	355	343	679	680	640
343	355	356	680	681	682
343	356	32	682	683	643
32	356	33	683	684	41
84	5	344	93	685	645
344	5	184	685	198	686
344	184	345	686	687	648
345	184	183	687	197	688
345	183	346	688	689	651
346	183	182	689	196	690
346	182	347	690	691	654
347	182	181	691	195	692
347	181	348	692	693	657
348	181	180	693	194	694
348	180	349	694	695	660
349	180	179	695	193	696
349	179	350	696	697	663
350	179	178	697	192	698
350	178	351	698	699	666
351	178	177	699	191	700
351	177	352	700	701	669
352	177	176	701	190	702
352	176	353	702	703	672
353	176	175	703	189	704
353	175	354	704	705	675
354	175	174	705	188	706
354	174	355	706	707	678
355	174	173	707	187	708
355	173	356	708	709	681
356	173	172	709	186	710
356	172	33	710	711	684
33	172	4	711	185	42
5	94	184	102	816	198
184	94	712	816	817	818
184	712	183	818	819	197
183	712	713	819	820	821
183	713	182	821	822	196
182	713	714	822	823	824
182	714	181	824	825	195
181	714	715	825	826	827
181	715	180	827	828	194
180	715	716	828	829	830
180	716	179	830	831	193
179	716	717	831	832	833
179	717	178	833	834	192
178	717	718	834	835	836
178	718	177	836	837	191
177	718	719	837	838	839
177	719	176	839	840	190
176	719	720	840	841	842
176	720	175	842	843	189
175	720	721	843	844	845
175	721	174	845	846	188
174	721	722	846	847	848
174	722	173	848	849	187
173	722	723	849	850	851
173	723	172	851	852	186
172	723	724	852	853	854
172	724	4	854	855	185
4	724	43	855	856	51
94	95	712	103	857	817
712	95	725	857	858	859
712	725	713	859	860	820
713	725	726	860	861	862
713	726	714	862	863	823
714	726	727	863	864	865
714	727	715	865	866	826
715	727	728	866	867	868
715	728	716	868	869	829
716	728	729	869	870	871
716	729	717	871	872	832
717	729	730	872	873	874
717	730	718	874	875	835
718	730	731	875	876	877
718	731	719	877	878	838
719	731	732	878	879	880
719	732	720	880	881	841
720	732	733	881	882	883
720	733	721	883	884	844
721	733	734	884	885	886
721	734	722	886	887	847
722	734	735	887	888	889
722	735	723	889	890	850
723	735	736	890	891	892
723	736	724	892	893	853
724	736	737	893	894	895
724	737	43	895	896	856
43	737	44	896	897	52
95	96	725	104	898	858
725	96	738	898	899	900
725	738	726	900	901	861
726	738	739	901	902	903
726	739	727	903	904	864
727	739	740	904	905	906
727	740	728	906	907	867
728	740	741	907	908	909
728	741	729	909	910	870
729	741	742	910	911	912
729	742	730	912	913	873
730	742	743	913	914	915
730	743	731	915	916	876
731	743	744	916	917	918
731	744	732	918	919	879
732	744	745	919	920	921
732	745	733	921	922	882
733	745	746	922	923	924
733	746	734	924	925	885
734	746	747	925	926	927
734	747	735	927	928	888
735	747	748	928	929	930
735	748	736	930	931	891
736	748	749	931	932	933
736	749	737	933	934	894
737	749	750	934	935	936
737	750	44	936	937	897
44	750	45	937	938	53
96	97	738	105	939	899
738	97	751	939	940	941
738	751	739	941	942	902
739	751	752	942	943	944
739	752	740	944	945	905
740	752	753	945	946	947
740	753	741	947	948	908
741	753	754	948	949	950
741	754	742	950	951	911
742	754	755	951	952	953
742	755	743	953	954	914
743	755	756	954	955	956
743	756	744	956	957	917
744	756	757	957	958	959
744	757	745	959	960	920
745	757	758	960	961	962
745	758	746	962	963	923
746	758	759	963	964	965
746	759	747	965	966	926
747	759	760	966	967	968
747	760	748	968	969	929
748	760	761	969	970	971
748	761	749	971	972	932
749	761	762	972	973	974
749	762	750	974	975	935
750	762	763	975	976	977
750	763	45	977	978	938
45	763	46	978	979	54
97	98	751	106	980	940
751	98	764	980	981	982
751	764	752	982	983	943
752	764	765	983	984	985
752	765	753	985	986	946
753	765	766	986	987	988
753	766	754	988	989	949
754	766	767	989	990	991
754	767	755	991	992	952
755	767	768	992	993	994
755	768	756	994	995	955
756	768	769	995	996	997
756	769	757	997	998	958
757	769	770	998	999	1000
757	770	758	1000	1001	961
758	770	771	1001	1002	1003
758	771	759	1003	1004	964
759	771	772	1004	1005	1006
759	772	760	1006	1007	967
760	772	773	1007	1008	1009
760	773	761	1009	1010	970
761	773	774	1010	1011	1012
761	774	762	1012	1013	973
762	774	775	1013	1014	1015
762	775	763	1015	1016	976
763	775	776	1016	1017	1018
763	776	46	1018	1019	979
46	776	47	1019	1020	55
98	99	764	107	1021	981
764	99	777	1021	1022	1023
764	777	765	1023	1024	984
765	777	778	1024	1025	1026
765	778	766	1026	1027	987
766	778	779	1027	1028	1029
766	779	767	1029	1030	990
767	779	780	1030	1031	1032
767	780	768	1032	1033	993
768	780	781	1033	1034	1035
768	781	769	1035	1036	996
769	781	782	1036	1037	1038
769	782	770	1038	1039	999
770	782	783	1039	1040	1041
770	783	771	1041	1042	1002
771	783	784	1042	1043	1044
771	784	772	1044	1045	1005
772	784	785	1045	1046	1047
772	785	773	1047	1048	1008
773	785	786	1048	1049	1050
773	786	774	1050	1051	1011
774	786	787	1051	1052	1053
774	787	775	1053	1054	1014
775	787	788	1054	1055	1056
775	788	776	1056	1057	1017
776	788	789	1057	1058	1059
776	789	47	1059	1060	1020
47	789	48	1060	1061	56
99	100	777	108	1062	1022
777	100	790	1062	1063	1064
777	790	778	1064	1065	1025
778	790	791	1065	1066	1067
778	791	779	1067	1068	1028
779	791	792	1068	1069	1070
779	792	780	1070	1071	1031
780	792	793	1071	1072	1073
780	793	781	1073	1074	1034
781	793	794	1074	1075	1076
781	794	782	1076	1077	1037
782	794	795	1077	1078	1079
782	795	783	1079	1080	1040
783	795	796	1080	1081	1082
783	796	784	1082	1083	1043
784	796	797	1083	1084	1085
784	797	785	1085	1086	1046
785	797	798	1086	1087	1088
785	798	786	1088	1089	1049
786	798	799	1089	1090	1091
786	799	787	1091	1092	1052
787	799	800	1092	1093	1094
787	800	788	1094	1095	1055
788	800	801	1095	1096	1097
788	801	789	1097	1098	1058
789	801	802	1098	1099	1100
789	802	48	1100	1101	1061
48	802	49	1101	1102	57
100	101	790	109	1103	1063
790	101	803	1103	1104	1105
790	803	791	1105	1106	1066
791	803	804	1106	1107	1108
791	804	792	1108	1109	1069
792	804	805	1109	1110	1111
792	805	793	1111	1112	1072
793	805	806	1112	1113	1114
793	806	794	1114	1115	1075
794	806	807	1115	1116	1117
794	807	795	1117	1118	1078
795	807	808	1118	1119	1120
795	808	796	1120	1121	1081
796	808	809	1121	1122	1123
796	809	797	1123	1124	1084
797	809	810	1124	1125	1126
797	810	798	1126	1127	1087
798	810	811	1127	1128	1129
798	811	799	1129	1130	1090
799	811	812	1130	1131	1132
799	812	800	1132	1133	1093
800	812	813	1133	1134	1135
800	813	801	1135	1136	1096
801	813	814	1136	1137	1138
801	814	802	1138	1139	1099
802	814	815	1139	1140	1141
802	815	49	1141	1142	1102
49	815	50	1142	1143	58
101	6	803	110	1144	1104
803	6	211	1144	225	1145
803	211	804	1145	1146	1107
804	211	210	1146	224	1147
804	210	805	1147	1148	1110
805	210	209	1148	223	1149
805	209	806	1149	1150	1113
806	209	208	1150	222	1151
806	208	807	1151	1152	1116
807	208	207	1152	221	1153
807	207	808	1153	1154	1119
808	207	206	1154	220	1155
808	206	809	1155	1156	1122
809	206	205	1156	219	1157
809	205	810	1157	1158	1125
810	205	204	1158	218	1159
810	204	811	1159	1160	1128
811	204	203	1160	217	1161
811	203	812	1161	1162	1131
812	203	202	1162	216	1163
812	202	813	1163	1164	1134
813	202	201	1164	215	1165
813	201	814	1165	1166	1137
814	201	200	1166	214	1167
814	200	815	1167	1168	1140
815	200	199	1168	213	1169
815	199	50	1169	1170	1143
50	199	2	1170	212	59
6	111	211	119	1275	225
211	111	1171	1275	1276	1277
211	1171	210	1277	1278	224
210	1171	1172	1278	1279	1280
210	1172	209	1280	1281	223
209	1172	1173	1281	1282	1283
209	1173	208	1283	1284	222
208	1173	1174	1284	1285	1286
208	1174	207	1286	1287	221
207	1174	1175	1287	1288	1289
207	1175	206	1289	1290	220
206	1175	1176	1290	1291	1292
206	1176	205	1292	1293	219
205	1176	1177	1293	1294	1295
205	1177	204	1295	1296	218
204	1177	1178	1296	1297	1298
204	1178	203	1298	1299	217
203	1178	1179	1299	1300	1301
203	1179	202	1301	1302	216
202	1179	1180	1302	1303	1304
202	1180	201	1304	1305	215
201	1180	1181	1305	1306	1307
201	1181	200	1307	1308	214
200	1181	1182	1308	1309	1310
200	1182	199	1310	1311	213
199	1182	1183	1311	1312	1313
199	1183	2	1313	1314	212
2	1183	60	1314	1315	68
111	112	1171	120	1316	1276
1171	112	1184	1316	1317	1318
1171	1184	1172	1318	1319	1279
1172	1184	1185	1319	1320	1321
1172	1185	1173	1321	1322	1282
1173	1185	1186	1322	1323	1324
1173	1186	1174	1324	1325	1285
1174	1186	1187	1325	1326	1327
1174	1187	1175	1327	1328	1288
1175	1187	1188	1328	1329	1330
1175	1188	1176	1330	1331	1291
1176	1188	1189	1331	1332	1333
1176	1189	1177	1333	1334	1294
1177	1189	1190	1334	1335	1336
1177	1190	1178	1336	1337	1297
1178	1190	1191	1337	1338	1339
1178	1191	1179	1339	1340	1300
1179	1191	1192	1340	1341	1342
1179	1192	1180	1342	1343	1303
1180	1192	1193	1343	1344	1345
1180	1193	1181	1345	1346	1306
1181	1193	1194	1346	1347	1348
1181	1194	1182	1348	1349	1309
1182	1194	1195	1349	1350	1351
1182	1195	1183	1351	1352	1312
1183	1195	1196	1352	1353	1354
1183	1196	60	1354	1355	1315
60	1196	61	1355	1356	69
112	113	1184	121	1357	1317
1184	113	1197	1357	1358	1359
1184	1197	1185	1359	1360	1320
1185	1197	1198	1360	1361	1362
1185	1198	1186	1362	1363	1323
1186	1198	1199	1363	1364	1365
1186	1199	1187	1365	1366	1326
1187	1199	1200	1366	1367	1368
1187	1200	1188	1368	1369	1329
1188	1200	1201	1369	1370	1371
1188	1201	1189	1371	1372	1332
1189	1201	1202	1372	1373	1374
1189	1202	1190	1374	1375	1335
1190	1202	1203	1375	1376	1377
1190	1203	1191	1377	1378	1338
1191	1203	1204	1378	1379	1380
1191	1204	1192	1380	1381	1341
1192	1204	1205	1381	1382	1383
1192	1205	1193	1383	1384	1344
1193	1205	1206	1384	1385	1386
1193	1206	1194	1386	1387	1347
1194	1206	1207	1387	1388	1389
1194	1207	1195	1389	1390	1350
1195	1207	1208	1390	1391	1392
1195	1208	1196	1392	1393	1353
1196	1208	1209	1393	1394	1395
1196	1209	61	1395	1396	1356
61	1209	62	1396	1397	70
113	114	1197	122	1398	1358
1197	114	1210	1398	1399	1400
1197	1210	1198	1400	1401	1361
1198	1210	1211	1401	1402	1403
1198	1211	1199	1403	1404	1364
1199	1211	1212	1404	1405	1406
1199	1212	1200	1406	1407	1367
1200	1212	1213	1407	1408	1409
1200	1213	1201	1409	1410	1370
1201	1213	1214	1410	1411	1412
1201	1214	1202	1412	1413	1373
1202	1214	1215	1413	1414	1415
1202	1215	1203	1415	1416	1376
1203	1215	1216	1416	1417	1418
1203	1216	1204	1418	1419	1379
1204	1216	1217	1419	1420	1421
1204	1217	1205	1421	1422	1382
1205	1217	1218	1422	1423	1424
1205	1218	1206	1424	1425	1385
1206	1218	1219	1425	1426	1427
1206	1219	1207	1427	1428	1388
1207	1219	1220	1428	1429	1430
1207	1220	1208	1430	1431	1391
1208	1220	1221	1431	1432	1433
1208	1221	1209	1433	1434	1394
1209	1221	1222	1434	1435	1436
1209	1222	62	1436	1437	1397
62	1222	63	1437	1438	71
114	115	1210	123	1439	1399
1210	115	1223	1439	1440	1441
1210	1223	1211	1441	1442	1402
1211	1223	1224	1442	1443	1444
1211	1224	1212	1444	1445	1405
1212	1224	1225	1445	1446	1447
1212	1225	1213	1447	1448	1408
1213	1225	1226	1448	1449	1450
1213	1226	1214	1450	1451	1411
1214	1226	1227	1451	1452	1453
1214	1227	1215	1453	1454	1414
1215	1227	1228	1454	1455	1456
1215	1228	1216	1456	1457	1417
1216	1228	1229	1457	1458	1459
1216	1229	1217	1459	1460	1420
1217	1229	1230	1460	1461	1462
1217	1230	1218	1462	1463	1423
1218	1230	1231	1463	1464	1465
1218	1231	1219	1465	1466	1426
1219	1231	1232	1466	1467	1468
1219	1232	1220	1468	1469	1429
1220	1232	1233	1469	1470	1471
1220	1233	1221	1471	1472	1432
1221	1233	1234	1472	1473	1474
1221	1234	1222	1474	1475	1435
1222	1234	1235	1475	1476	1477
1222	1235	63	1477	1478	1438
63	1235	64	1478	1479	72
115	116	1223	124	1480	1440
1223	116	1236	1480	1481	1482
1223	1236	1224	1482	1483	1443
1224	1236	1237	1483	1484	1485
1224	1237	1225	1485	1486	1446
1225	1237	1238	1486	1487	1488
1225	1238	1226	1488	1489	1449
1226	1238	1239	1489	1490	1491
1226	1239	1227	1491	1492	1452
1227	1239	1240	1492	1493	1494
1227	1240	1228	1494	1495	1455
1228	1240	1241	1495	1496	1497
1228	1241	1229	1497	1498	1458
1229	1241	1242	1498	1499	1500
1229	1242	1230	1500	1501	1461
1230	1242	1243	1501	1502	1503
1230	1243	1231	1503	1504	1464
1231	1243	1244	1504	1505	1506
1231	1244	1232	1506	1507	1467
1232	1244	1245	1507	1508	1509
1232	1245	1233	1509	1510	1470
1233	1245	1246	1510	1511	1512
1233	1246	1234	1512	1513	1473
1234	1246	1247	1513	1514	1515
1234	1247	1235	1515	1516	1476
1235	1247	1248	1516	1517	1518
1235	1248	64	1518	1519	1479
64	1248	65	1519	1520	73
116	117	1236	125	1521	1481
1236	117	1249	1521	1522	1523
1236	1249	1237	1523	1524	1484
1237	1249	1250	1524	1525	1526
1237	1250	1238	1526	1527	1487
1238	1250	1251	1527	1528	1529
1238	1251	1239	1529	1530	1490
1239	1251	1252	1530	1531	1532
1239	1252	1240	1532	1533	1493
1240	1252	1253	1533	1534	1535
1240	1253	1241	1535	1536	1496
1241	1253	1254	1536	1537	1538
1241	1254	1242	1538	1539	1499
1242	1254	1255	1539	1540	1541
1242	1255	1243	1541	1542	1502
1243	1255	1256	1542	1543	1544
1243	1256	1244	1544	1545	1505
1244	1256	1257	1545	1546	1547
1244	1257	1245	1547	1548	1508
1245	1257	1258	1548	1549	1550
1245	1258	1246	1550	1551	1511
1246	1258	1259	1551	1552	1553
1246	1259	1247	1553	1554	1514
1247	1259	1260	1554	1555	1556
1247	1260	1248	1556	1557	1517
1248	1260	1261	1557	1558	1559
1248	1261	65	1559	1560	1520
65	1261	66	1560	1561	74
117	118	1249	126	1562	1522
1249	118	1262	1562	1563	1564
1249	1262	1250	1564	1565	1525
1250	1262	1263	1565	1566	1567
1250	1263	1251	1567	1568	1528
1251	1263	1264	1568	1569	1570
1251	1264	1252	1570	1571	1531
1252	1264	1265	1571	1572	1573
1252	1265	1253	1573	1574	1534
1253	1265	1266	1574	1575	1576
1253	1266	1254	1576	1577	1537
1254	1266	1267	1577	1578	1579
1254	1267	1255	1579	1580	1540
1255	1267	1268	1580	1581	1582
1255	1268	1256	1582	1583	1543
1256	1268	1269	1583	1584	1585
1256	1269	1257	1585	1586	1546
1257	1269	1270	1586	1587	1588
1257	1270	1258	1588	1589	1549
1258	1270	1271	1589	1590	1591
1258	1271	1259	1591	1592	1552
1259	1271	1272	1592	1593	1594
1259	1272	1260	1594	1595	1555
1260	1272	1273	1595	1596	1597
1260	1273	1261	1597	1598	1558
1261	1273	1274	1598	1599	1600
1261	1274	66	1600	1601	1561
66	1274	67	1601	1602	75
118	7	1262	127	1603	1563
1262	7	238	1603	252	1604
1262	238	1263	1604	1605	1566
1263	238	237	1605	251	1606
1263	237	1264	1606	1607	1569
1264	237	236	1607	250	1608
1264	236	1265	1608	1609	1572
1265	236	235	1609	249	1610
1265	235	1266	1610	1611	1575
1266	235	234	1611	248	1612
1266	234	1267	1612	1613	1578
1267	234	233	1613	247	1614
1267	233	1268	1614	1615	1581
1268	233	232	1615	246	1616
1268	232	1269	1616	1617	1584
1269	232	231	1617	245	1618
1269	231	1270	1618	1619	1587
1270	231	230	1619	244	1620
1270	230	1271	1620	1621	1590
1271	230	229	1621	243	1622
1271	229	1272	1622	1623	1593
1272	229	228	1623	242	1624
1272	228	1273	1624	1625	1596
1273	228	227	1625	241	1626
1273	227	1274	1626	1627	1599
1274	227	226	1627	240	1628
1274	226	67	1628	1629	1602
67	226	3	1629	239	76
7	128	238	136	1734	252
238	128	1630	1734	1735	1736
238	1630	237	1736	1737	251
237	1630	1631	1737	1738	1739
237	1631	236	1739	1740	250
236	1631	1632	1740	1741	1742
236	1632	235	1742	1743	249
235	1632	1633	1743	1744	1745
235	1633	234	1745	1746	248
234	1633	1634	1746	1747	1748
234	1634	233	1748	1749	247
233	1634	1635	1749	1750	1751
233	1635	232	1751	1752	246
232	1635	1636	1752	1753	1754
232	1636	231	1754	1755	245
231	1636	1637	1755	1756	1757
231	1637	230	1757	1758	244
230	1637	1638	1758	1759	1760
230	1638	229	1760	1761	243
229	1638	1639	1761	1762	1763
229	1639	228	1763	1764	242
228	1639	1640	1764	1765	1766
228	1640	227	1766	1767	241
227	1640	1641	1767	1768	1769
227	1641	226	1769	1770	240
226	1641	1642	1770	1771	1772
226	1642	3	1772	1773	239
3	1642	9	1773	1774	17
128	129	1630	137	1775	1735
1630	129	1643	1775	1776	1777
1630	1643	1631	1777	1778	1738
1631	1643	1644	1778	1779	1780
1631	1644	1632	1780	1781	1741
1632	1644	1645	1781	1782	1783
1632	1645	1633	1783	1784	1744
1633	1645	1646	1784	1785	1786
1633	1646	1634	1786	1787	1747
1634	1646	1647	1787	1788	1789
1634	1647	1635	1789	1790	1750
1635	1647	1648	1790	1791	1792
1635	1648	1636	1792	1793	1753
1636	1648	1649	1793	1794	1795
1636	1649	1637	1795	1796	1756
1637	1649	1650	1796	1797	1798
1637	1650	1638	1798	1799	1759
1638	1650	1651	1799	1800	1801
1638	1651	1639	1801	1802	1762
1639	1651	1652	1802	1803	1804
1639	1652	1640	1804	1805	1765
1640	1652	1653	1805	1806	1807
1640	1653	1641	1807	1808	1768
1641	1653	1654	1808	1809	1810
1641	1654	1642	1810	1811	1771
1642	1654	1655	1811	1812	1813
1642	1655	9	1813	1814	1774
9	1655	10	1814	1815	18
129	130	1643	138	1816	1776
1643	130	1656	1816	1817	1818
1643	1656	1644	1818	1819	1779
1644	1656	1657	1819	1820	1821
1644	1657	1645	1821	1822	1782
1645	1657	1658	1822	1823	1824
1645	1658	1646	1824	1825	1785
1646	1658	1659	1825	1826	1827
1646	1659	1647	1827	1828	1788
1647	1659	1660	1828	1829	1830
1647	1660	1648	1830	1831	1791
1648	1660	1661	1831	1832	1833
1648	1661	1649	1833	1834	1794
1649	1661	1662	1834	1835	1836
1649	1662	1650	1836	1837	1797
1650	1662	1663	1837	1838	1839
1650	1663	1651	1839	1840	1800
1651	1663	1664	1840	1841	1842
1651	1664	1652	1842	1843	1803
1652	1664	1665	1843	1844	1845
1652	1665	1653	1845	1846	1806
1653	1665	1666	1846	1847	1848
1653	1666	1654	1848	1849	1809
1654	1666	1667	1849	1850	1851
1654	1667	1655	1851	1852	1812
1655	1667	1668	1852	1853	1854
1655	1668	10	1854	1855	1815
10	1668	11	1855	1856	19
130	131	1656	139	1857	1817
1656	131	1669	1857	1858	1859
1656	1669	1657	1859	1860	1820
1657	1669	1670	1860	1861	1862
1657	1670	1658	1862	1863	1823
1658	1670	1671	1863	1864	1865
1658	1671	1659	1865	1866	1826
1659	1671	1672	1866	1867	1868
1659	1672	1660	1868	1869	1829
1660	1672	1673	1869	1870	1871
1660	1673	1661	1871	1872	1832
1661	1673	1674	1872	1873	1874
1661	1674	1662	1874	1875	1835
1662	1674	1675	1875	1876	1877
1662	1675	1663	1877	1878	1838
1663	1675	1676	1878	1879	1880
1663	1676	1664	1880	1881	1841
1664	1676	1677	1881	1882	1883
1664	1677	1665	1883	1884	1844
1665	1677	1678	1884	1885	1886
1665	1678	1666	1886	1887	1847
1666	1678	1679	1887	1888	1889
1666	1679	1667	1889	1890	1850
1667	1679	1680	1890	1891	1892
1667	1680	1668	1892	1893	1853
1668	1680	1681	1893	1894	1895
1668	1681	11	1895	1896	1856
11	1681	12	1896	1897	20
131	132	1669	140	1898	1858
1669	132	1682	1898	1899	1900
1669	1682	1670	1900	1901	1861
1670	1682	1683	1901	1902	1903
1670	1683	1671	1903	1904	1864
1671	1683	1684	1904	1905	1906
1671	1684	1672	1906	1907	1867
1672	1684	1685	1907	1908	1909
1672	1685	1673	1909	1910	1870
1673	1685	1686	1910	1911	1912
1673	1686	1674	1912	1913	1873
1674	1686	1687	1913	1914	1915
1674	1687	1675	1915	1916	1876
1675	1687	1688	1916	1917	1918
1675	1688	1676	1918	1919	1879
1676	1688	1689	1919	1920	1921
1676	1689	1677	1921	1922	1882
1677	1689	1690	1922	1923	1924
1677	1690	1678	1924	1925	1885
1678	1690	1691	1925	1926	1927
1678	1691	1679	1927	1928	1888
1679	1691	1692	1928	1929	1930
1679	1692	1680	1930	1931	1891
1680	1692	1693	1931	1932	1933
1680	1693	1681	1933	1934	1894
1681	1693	1694	1934	1935	1936
1681	1694	12	1936	1937	1897
12	1694	13	1937	1938	21
132	133	1682	141	1939	1899
1682	133	1695	1939	1940	1941
1682	1695	1683	1941	1942	1902
1683	1695	1696	1942	1943	1944
1683	1696	1684	1944	1945	1905
1684	1696	1697	1945	1946	1947
1684	1697	1685	1947	1948	1908
1685	1697	1698	1948	1949	1950
1685	1698	1686	1950	1951	1911
1686	1698	1699	1951	1952	1953
1686	1699	1687	1953	1954	1914
1687	1699	1700	1954	1955	1956
1687	1700	1688	1956	1957	1917
1688	1700	1701	1957	1958	1959
1688	1701	1689	1959	1960	1920
1689	1701	1702	1960	1961	1962
1689	1702	1690	1962	1963	1923
1690	1702	1703	1963	1964	1965
1690	1703	1691	1965	1966	1926
1691	1703	1704	1966	1967	1968
1691	1704	1692	1968	1969	1929
1692	1704	1705	1969	1970	1971
1692	1705	1693	1971	1972	1932
1693	1705	1706	1972	1973	1974
1693	1706	1694	1974	1975	1935
1694	1706	1707	1975	1976	1977
1694	1707	13	1977	1978	1938
13	1707	14	1978	1979	22
133	134	1695	142	1980	1940
1695	134	1708	1980	1981	1982
1695	1708	1696	1982	1983	1943
1696	1708	1709	1983	1984	1985
1696	1709	1697	1985	1986	1946
1697	1709	1710	1986	1987	1988
1697	1710	1698	1988	1989	1949
1698	1710	1711	1989	1990	1991
1698	1711	1699	1991	1992	1952
1699	1711	1712	1992	1993	1994
1699	1712	1700	1994	1995	1955
1700	1712	1713	1995	1996	1997
1700	1713	1701	1997	1998	1958
1701	1713	1714	1998	1999	2000
1701	1714	1702	2000	2001	1961
1702	1714	1715	2001	2002	2003
1702	1715	1703	2003	2004	1964
1703	1715	1716	2004	2005	2006
1703	1716	1704	2006	2007	1967
1704	1716	1717	2007	2008	2009
1704	1717	1705	2009	2010	1970
1705	1717	1718	2010	2011	2012
1705	1718	1706	2012	2013	1973
1706	1718	1719	2013	2014	2015
1706	1719	1707	2015	2016	1976
1707	1719	1720	2016	2017	2018
1707	1720	14	2018	2019	1979
14	1720	15	2019	2020	23
134	135	1708	143	2021	1981
1708	135	1721	2021	2022	2023
1708	1721	1709	2023	2024	1984
1709	1721	1722	2024	2025	2026
1709	1722	1710	2026	2027	1987
1710	1722	1723	2027	2028	2029
1710	1723	1711	2029	2030	1990
1711	1723	1724	2030	2031	2032
1711	1724	1712	2032	2033	1993
1712	1724	1725	2033	2034	2035
1712	1725	1713	2035	2036	1996
1713	1725	1726	2036	2037	2038
1713	1726	1714	2038	2039	1999
1714	1726	1727	2039	2040	2041
1714	1727	1715	2041	2042	2002
1715	1727	1728	2042	2043	2044
1715	1728	1716	2044	2045	2005
1716	1728	1729	2045	2046	2047
1716	1729	1717	2047	2048	2008
1717	1729	1730	2048	2049	2050
1717	1730	1718	2050	2051	2011
1718	1730	1731	2051	2052	2053
1718	1731	1719	2053	2054	2014
1719	1731	1732	2054	2055	2056
1719	1732	1720	2056	2057	2017
1720	1732	1733	2057	2058	2059
1720	1733	15	2059	2060	2020
15	1733	16	2060	2061	24
135	8	1721	144	2062	2022
1721	8	145	2062	158	2063
1721	145	1722	2063	2064	2025
1722	145	146	2064	159	2065
1722	146	1723	2065	2066	2028
1723	146	147	2066	160	2067
1723	147	1724	2067	2068	2031
1724	147	148	2068	161	2069
1724	148	1725	2069	2070	2034
1725	148	149	2070	162	2071
1725	149	1726	2071	2072	2037
1726	149	150	2072	163	2073
1726	150	1727	2073	2074	2040
1727	150	151	2074	164	2075
1727	151	1728	2075	2076	2043
1728	151	152	2076	165	2077
1728	152	1729	2077	2078	2046
1729	152	153	2078	166	2079
1729	153	1730	2079	2080	2049
1730	153	154	2080	167	2081
1730	154	1731	2081	2082	2052
1731	154	155	2082	168	2083
1731	155	1732	2083	2084	2055
1732	155	156	2084	169	2085
1732	156	1733	2085	2086	2058
1733	156	157	2086	170	2087
1733	157	16	2087	2088	2061
16	157	1	2088	171	25

--------------------------------------------------------------------------------
NUMBER OF BOUNDARY TYPES        TOTAL NUMBER OF ELEMENTS
--------------------------------------------------------------------------------
2                               72

--------------------------------------------------------------------------------
BOUNDARY 1        CONSTRAINS (0-free 1-const 2-glue)  VALUES (default = 0.)
NUMB. OF ELEM.    Ux     Uy     Uz                    Ux     Uy     Uz  
--------------------------------------------------------------------------------
36                1      1      0                     0.     0.     0.

--------------------------------------------------------------------------------
BOUNDARY 1 - CONNECTIVITY
--------------------------------------------------------------------------------
3	9	17
9	10	18
10	11	19
11	12	20
12	13	21
13	14	22
14	15	23
15	16	24
16	1	25
1	26	34
26	27	35
27	28	36
28	29	37
29	30	38
30	31	39
31	32	40
32	33	41
33	4	42
4	43	51
43	44	52
44	45	53
45	46	54
46	47	55
47	48	56
48	49	57
49	50	58
50	2	59
2	60	68
60	61	69
61	62	70
62	63	71
63	64	72
64	65	73
65	66	74
66	67	75
67	3	76

--------------------------------------------------------------------------------
BOUNDARY 2        CONSTRAINS (0-free 1-const 2-glue)  VALUES (default = 0.)
NUMB. OF ELEM.    Ux     Uy     Uz                    Ux     Uy     Uz  
--------------------------------------------------------------------------------
36                2      2      0                     0.     0.     0.

--------------------------------------------------------------------------------
BOUNDARY 2 - CONNECTIVITY
--------------------------------------------------------------------------------
8	77	85
77	78	86
78	79	87
79	80	88
80	81	89
81	82	90
82	83	91
83	84	92
84	5	93
5	94	102
94	95	103
95	96	104
96	97	105
97	98	106
98	99	107
99	100	108
100	101	109
101	6	110
6	111	119
111	112	120
112	113	121
113	114	122
114	115	123
115	116	124
116	117	125
117	118	126
118	7	127
7	128	136
128	129	137
129	130	138
130	131	139
131	132	140
132	133	141
133	134	142
134	135	143
135	8	144


