
 título da lista e dados dos nós
#
 N           0
      0.000000E+00      0.000000E+00      0.000000E+00     -0.500152E-09
      0.000000E+00      0.000000E+00      0.000000E+00     -0.232241E-09
      0.000000E+00      0.000000E+00      0.000000E+00     -0.502483E-09
      0.000000E+00      0.000000E+00      0.000000E+00     -0.656948E-09
      0.000000E+00      0.000000E+00      0.000000E+00     -0.305461E-09
      0.000000E+00      0.000000E+00      0.000000E+00     -0.529808E-09
      0.000000E+00      0.000000E+00      0.000000E+00     -0.242691E-09
      0.000000E+00      0.000000E+00      0.000000E+00     -0.114131E-09
      0.000000E+00      0.000000E+00      0.000000E+00      0.517238E-10
      0.000000E+00      0.000000E+00      0.000000E+00     -0.537107E-09
      0.000000E+00      0.000000E+00      0.000000E+00     -0.127707E-08
      0.000000E+00      0.000000E+00      0.000000E+00     -0.263589E-09
      0.000000E+00      0.000000E+00      0.000000E+00     -0.299025E-09
      0.000000E+00      0.000000E+00      0.000000E+00     -0.259097E-09
      0.000000E+00      0.000000E+00      0.000000E+00     -0.470139E-09
      0.000000E+00      0.000000E+00      0.000000E+00     -0.514181E-09
      0.000000E+00      0.000000E+00      0.000000E+00     -0.163757E-09
      0.000000E+00      0.000000E+00      0.000000E+00     -0.237859E-09
      0.000000E+00      0.000000E+00      0.000000E+00     -0.339359E-09
      0.000000E+00      0.000000E+00      0.000000E+00     -0.240489E-09
      0.000000E+00      0.000000E+00      0.000000E+00     -0.136648E-09
      0.000000E+00      0.000000E+00      0.000000E+00     -0.688440E-09
      0.000000E+00      0.000000E+00      0.000000E+00     -0.482933E-09
      0.000000E+00      0.000000E+00      0.000000E+00     -0.278706E-09
      0.000000E+00      0.000000E+00      0.000000E+00     -0.304800E-09
      0.000000E+00      0.000000E+00      0.000000E+00     -0.234150E-09
      0.000000E+00      0.000000E+00      0.000000E+00     -0.196890E-09
      0.000000E+00      0.000000E+00      0.000000E+00     -0.456849E-09
      0.000000E+00      0.000000E+00      0.000000E+00     -0.810709E-09
      0.000000E+00      0.000000E+00      0.000000E+00     -0.728139E-10
      0.000000E+00      0.000000E+00      0.000000E+00     -0.101212E-09
      0.000000E+00      0.000000E+00      0.000000E+00     -0.750004E-09
      0.000000E+00      0.000000E+00      0.000000E+00     -0.394106E-09
      0.000000E+00      0.000000E+00      0.000000E+00     -0.613898E-09
      0.000000E+00      0.000000E+00      0.000000E+00     -0.105253E-09
      0.000000E+00      0.000000E+00      0.000000E+00      0.166750E-09
      0.000000E+00      0.000000E+00      0.000000E+00     -0.210156E-09

 título da lista e dados dos nós
#
 V           0
      0.000000E+00      0.000000E+00      0.000000E+00      0.527929E-07
      0.000000E+00      0.000000E+00      0.000000E+00     -0.929316E-09
      0.000000E+00      0.000000E+00      0.000000E+00     -0.323291E-10
      0.000000E+00      0.000000E+00      0.000000E+00     -0.171470E-09
      0.000000E+00      0.000000E+00      0.000000E+00      0.000000E+00
      0.000000E+00      0.000000E+00      0.000000E+00      0.115369E-10
      0.000000E+00      0.000000E+00      0.000000E+00      0.451138E-11
      0.000000E+00      0.000000E+00      0.000000E+00      0.000000E+00
      0.000000E+00      0.000000E+00      0.000000E+00      0.000000E+00
      0.000000E+00      0.000000E+00      0.000000E+00      0.000000E+00
      0.000000E+00      0.000000E+00      0.000000E+00      0.000000E+00
      0.000000E+00      0.000000E+00      0.000000E+00     -0.510078E-10
      0.000000E+00      0.000000E+00      0.000000E+00     -0.115369E-10
      0.000000E+00      0.000000E+00      0.000000E+00     -0.117694E-10
      0.000000E+00      0.000000E+00      0.000000E+00     -0.699190E-10
      0.000000E+00      0.000000E+00      0.000000E+00     -0.171891E-10
      0.000000E+00      0.000000E+00      0.000000E+00      0.109855E-09
      0.000000E+00      0.000000E+00      0.000000E+00     -0.445420E-09
      0.000000E+00      0.000000E+00      0.000000E+00     -0.244632E-07
      0.000000E+00      0.000000E+00      0.000000E+00     -0.502386E-09
      0.000000E+00      0.000000E+00      0.000000E+00      0.203799E-09
      0.000000E+00      0.000000E+00      0.000000E+00     -0.142395E-09
      0.000000E+00      0.000000E+00      0.000000E+00     -0.812234E-10
      0.000000E+00      0.000000E+00      0.000000E+00     -0.161646E-10
      0.000000E+00      0.000000E+00      0.000000E+00      0.972717E-10
      0.000000E+00      0.000000E+00      0.000000E+00     -0.348433E-10
      0.000000E+00      0.000000E+00      0.000000E+00      0.000000E+00
      0.000000E+00      0.000000E+00      0.000000E+00      0.000000E+00
      0.000000E+00      0.000000E+00      0.000000E+00      0.000000E+00
      0.000000E+00      0.000000E+00      0.000000E+00     -0.161646E-10
      0.000000E+00      0.000000E+00      0.000000E+00     -0.255039E-10
      0.000000E+00      0.000000E+00      0.000000E+00     -0.132231E-09
      0.000000E+00      0.000000E+00      0.000000E+00      0.510078E-10
      0.000000E+00      0.000000E+00      0.000000E+00     -0.581496E-10
      0.000000E+00      0.000000E+00      0.000000E+00     -0.789418E-10
      0.000000E+00      0.000000E+00      0.000000E+00      0.826394E-10
      0.000000E+00      0.000000E+00      0.000000E+00      0.222799E-07

 título da lista e dados dos nós
#
 M           0
      0.000000E+00      0.000000E+00      0.000000E+00      0.186932E-11
      0.000000E+00      0.000000E+00      0.000000E+00      0.247188E-11
      0.000000E+00      0.000000E+00      0.000000E+00     -0.673429E-12
      0.000000E+00      0.000000E+00      0.000000E+00     -0.405601E-12
      0.000000E+00      0.000000E+00      0.000000E+00      0.163887E-11
      0.000000E+00      0.000000E+00      0.000000E+00     -0.172936E-11
      0.000000E+00      0.000000E+00      0.000000E+00      0.137325E-11
      0.000000E+00      0.000000E+00      0.000000E+00      0.413318E-12
      0.000000E+00      0.000000E+00      0.000000E+00     -0.277188E-11
      0.000000E+00      0.000000E+00      0.000000E+00     -0.433880E-12
      0.000000E+00      0.000000E+00      0.000000E+00     -0.102595E-11
      0.000000E+00      0.000000E+00      0.000000E+00     -0.688711E-12
      0.000000E+00      0.000000E+00      0.000000E+00      0.897588E-12
      0.000000E+00      0.000000E+00      0.000000E+00     -0.154304E-11
      0.000000E+00      0.000000E+00      0.000000E+00     -0.198397E-12
      0.000000E+00      0.000000E+00      0.000000E+00      0.678696E-12
      0.000000E+00      0.000000E+00      0.000000E+00      0.147690E-11
      0.000000E+00      0.000000E+00      0.000000E+00      0.975916E-12
      0.000000E+00      0.000000E+00      0.000000E+00      0.247060E-11
      0.000000E+00      0.000000E+00      0.000000E+00     -0.760643E-12
      0.000000E+00      0.000000E+00      0.000000E+00      0.603471E-13
      0.000000E+00      0.000000E+00      0.000000E+00      0.631837E-12
      0.000000E+00      0.000000E+00      0.000000E+00     -0.275527E-11
      0.000000E+00      0.000000E+00      0.000000E+00     -0.147889E-11
      0.000000E+00      0.000000E+00      0.000000E+00      0.161599E-11
      0.000000E+00      0.000000E+00      0.000000E+00      0.226045E-11
      0.000000E+00      0.000000E+00      0.000000E+00     -0.650011E-12
      0.000000E+00      0.000000E+00      0.000000E+00      0.666725E-12
      0.000000E+00      0.000000E+00      0.000000E+00     -0.213477E-11
      0.000000E+00      0.000000E+00      0.000000E+00      0.242025E-12
      0.000000E+00      0.000000E+00      0.000000E+00      0.115483E-11
      0.000000E+00      0.000000E+00      0.000000E+00     -0.184162E-11
      0.000000E+00      0.000000E+00      0.000000E+00      0.190203E-11
      0.000000E+00      0.000000E+00      0.000000E+00      0.202500E-11
      0.000000E+00      0.000000E+00      0.000000E+00     -0.449956E-11
      0.000000E+00      0.000000E+00      0.000000E+00      0.388350E-11
      0.000000E+00      0.000000E+00      0.000000E+00     -0.190635E-11
