--------------------------------------------------------------------------------
ELEMENTS        NODES        TIME STEPS     PRINTING FREQ
--------------------------------------------------------------------------------
1536            3200         100000         1

--------------------------------------------------------------------------------
UNDISTURBED VELOCITY AND PRESSURE
Ux      Uy      Uz      P
--------------------------------------------------------------------------------
1.0     0.0     0.0     0.0

--------------------------------------------------------------------------------
DENSITY      TEMPERATURE      VISCOSITY      THERMAL CONDITIVITY
--------------------------------------------------------------------------------
1.E0         300              0.01            0.0

--------------------------------------------------------------------------------
TIME STEP       TIME INTEGRATION SCHEME (1- Implicit Euler, 2- Adams-Bashforth)
--------------------------------------------------------------------------------
0.1             0.5

--------------------------------------------------------------------------------
EXTERNAL FIELD FORCES CONSTANTS
Gx       Gy       Gz
--------------------------------------------------------------------------------
0.0      0.0      0.0

--------------------------------------------------------------------------------
NODAL COORDINATES
--------------------------------------------------------------------------------
2	2
5	2
5	5
2	5
6	2
6	5
9	5
9	2
9	6
6	6
6	9
9	9
2	9
2	6
5	6
5	9
5.5	2
5.5	5
6	5.5
9	5.5
5.5	6
5.5	9
2	5.5
5	5.5
2	4.75
2	4.5
2	4.25
2	4
2	3.75
2	3.5
2	3.25
2	3
2	2.75
2	2.5
2	2.25
2	4.875
2	4.625
2	4.375
2	4.125
2	3.875
2	3.625
2	3.375
2	3.125
2	2.875
2	2.625
2	2.375
2	2.125
2.25	2
2.5	2
2.75	2
3	2
3.25	2
3.5	2
3.75	2
4	2
4.25	2
4.5	2
4.75	2
2.125	2
2.375	2
2.625	2
2.875	2
3.125	2
3.375	2
3.625	2
3.875	2
4.125	2
4.375	2
4.625	2
4.875	2
5.25	2
5.125	2
5.375	2
5.75	2
5.625	2
5.875	2
6.25	2
6.5	2
6.75	2
7	2
7.25	2
7.5	2
7.75	2
8	2
8.25	2
8.5	2
8.75	2
6.125	2
6.375	2
6.625	2
6.875	2
7.125	2
7.375	2
7.625	2
7.875	2
8.125	2
8.375	2
8.625	2
8.875	2
9	2.25
9	2.5
9	2.75
9	3
9	3.25
9	3.5
9	3.75
9	4
9	4.25
9	4.5
9	4.75
9	2.125
9	2.375
9	2.625
9	2.875
9	3.125
9	3.375
9	3.625
9	3.875
9	4.125
9	4.375
9	4.625
9	4.875
8.75	5
8.5	5
8.25	5
8	5
7.75	5
7.5	5
7.25	5
7	5
6.75	5
6.5	5
6.25	5
8.875	5
8.625	5
8.375	5
8.125	5
7.875	5
7.625	5
7.375	5
7.125	5
6.875	5
6.625	5
6.375	5
6.125	5
6	4.75
6	4.5
6	4.25
6	4
6	3.75
6	3.5
6	3.25
6	3
6	2.75
6	2.5
6	2.25
6	4.875
6	4.625
6	4.375
6	4.125
6	3.875
6	3.625
6	3.375
6	3.125
6	2.875
6	2.625
6	2.375
6	2.125
5.5	4.75
5.5	4.5
5.5	4.25
5.5	4
5.5	3.75
5.5	3.5
5.5	3.25
5.5	3
5.5	2.75
5.5	2.5
5.5	2.25
5.5	4.875
5.5	4.625
5.5	4.375
5.5	4.125
5.5	3.875
5.5	3.625
5.5	3.375
5.5	3.125
5.5	2.875
5.5	2.625
5.5	2.375
5.5	2.125
5	2.25
5	2.5
5	2.75
5	3
5	3.25
5	3.5
5	3.75
5	4
5	4.25
5	4.5
5	4.75
5	2.125
5	2.375
5	2.625
5	2.875
5	3.125
5	3.375
5	3.625
5	3.875
5	4.125
5	4.375
5	4.625
5	4.875
2.25	5
2.5	5
2.75	5
3	5
3.25	5
3.5	5
3.75	5
4	5
4.25	5
4.5	5
4.75	5
2.125	5
2.375	5
2.625	5
2.875	5
3.125	5
3.375	5
3.625	5
3.875	5
4.125	5
4.375	5
4.625	5
4.875	5
5.25	5
5.125	5
5.375	5
5.75	5
5.625	5
5.875	5
5.25	6
5.125	6
5.375	6
6	5.75
6	5.875
6	5.625
6	5.25
6	5.375
6	5.125
9	5.25
9	5.125
9	5.375
8.75	5.5
8.5	5.5
8.25	5.5
8	5.5
7.75	5.5
7.5	5.5
7.25	5.5
7	5.5
6.75	5.5
6.5	5.5
6.25	5.5
8.875	5.5
8.625	5.5
8.375	5.5
8.125	5.5
7.875	5.5
7.625	5.5
7.375	5.5
7.125	5.5
6.875	5.5
6.625	5.5
6.375	5.5
6.125	5.5
6.25	6
6.5	6
6.75	6
7	6
7.25	6
7.5	6
7.75	6
8	6
8.25	6
8.5	6
8.75	6
6.125	6
6.375	6
6.625	6
6.875	6
7.125	6
7.375	6
7.625	6
7.875	6
8.125	6
8.375	6
8.625	6
8.875	6
9	5.75
9	5.875
9	5.625
9	6.25
9	6.5
9	6.75
9	7
9	7.25
9	7.5
9	7.75
9	8
9	8.25
9	8.5
9	8.75
9	6.125
9	6.375
9	6.625
9	6.875
9	7.125
9	7.375
9	7.625
9	7.875
9	8.125
9	8.375
9	8.625
9	8.875
8.75	9
8.5	9
8.25	9
8	9
7.75	9
7.5	9
7.25	9
7	9
6.75	9
6.5	9
6.25	9
8.875	9
8.625	9
8.375	9
8.125	9
7.875	9
7.625	9
7.375	9
7.125	9
6.875	9
6.625	9
6.375	9
6.125	9
6	8.75
6	8.5
6	8.25
6	8
6	7.75
6	7.5
6	7.25
6	7
6	6.75
6	6.5
6	6.25
6	8.875
6	8.625
6	8.375
6	8.125
6	7.875
6	7.625
6	7.375
6	7.125
6	6.875
6	6.625
6	6.375
6	6.125
5.75	6
5.875	6
5.625	6
5.5	8.75
5.5	8.5
5.5	8.25
5.5	8
5.5	7.75
5.5	7.5
5.5	7.25
5.5	7
5.5	6.75
5.5	6.5
5.5	6.25
5.5	8.875
5.5	8.625
5.5	8.375
5.5	8.125
5.5	7.875
5.5	7.625
5.5	7.375
5.5	7.125
5.5	6.875
5.5	6.625
5.5	6.375
5.5	6.125
5.75	9
5.625	9
5.875	9
5.25	9
5.125	9
5.375	9
2	8.75
2	8.5
2	8.25
2	8
2	7.75
2	7.5
2	7.25
2	7
2	6.75
2	6.5
2	6.25
2	8.875
2	8.625
2	8.375
2	8.125
2	7.875
2	7.625
2	7.375
2	7.125
2	6.875
2	6.625
2	6.375
2	6.125
2.25	6
2.5	6
2.75	6
3	6
3.25	6
3.5	6
3.75	6
4	6
4.25	6
4.5	6
4.75	6
2.125	6
2.375	6
2.625	6
2.875	6
3.125	6
3.375	6
3.625	6
3.875	6
4.125	6
4.375	6
4.625	6
4.875	6
5	6.25
5	6.5
5	6.75
5	7
5	7.25
5	7.5
5	7.75
5	8
5	8.25
5	8.5
5	8.75
5	6.125
5	6.375
5	6.625
5	6.875
5	7.125
5	7.375
5	7.625
5	7.875
5	8.125
5	8.375
5	8.625
5	8.875
4.75	9
4.5	9
4.25	9
4	9
3.75	9
3.5	9
3.25	9
3	9
2.75	9
2.5	9
2.25	9
4.875	9
4.625	9
4.375	9
4.125	9
3.875	9
3.625	9
3.375	9
3.125	9
2.875	9
2.625	9
2.375	9
2.125	9
2	5.75
2	5.875
2	5.625
2	5.25
2	5.375
2	5.125
5	5.25
5	5.125
5	5.375
4.75	5.5
4.5	5.5
4.25	5.5
4	5.5
3.75	5.5
3.5	5.5
3.25	5.5
3	5.5
2.75	5.5
2.5	5.5
2.25	5.5
4.875	5.5
4.625	5.5
4.375	5.5
4.125	5.5
3.875	5.5
3.625	5.5
3.375	5.5
3.125	5.5
2.875	5.5
2.625	5.5
2.375	5.5
2.125	5.5
5	5.75
5	5.625
5	5.875
2.25	4.75
2.25	4.5
2.25	4.25
2.25	4
2.25	3.75
2.25	3.5
2.25	3.25
2.25	3
2.25	2.75
2.25	2.5
2.25	2.25
2.5	4.75
2.5	4.5
2.5	4.25
2.5	4
2.5	3.75
2.5	3.5
2.5	3.25
2.5	3
2.5	2.75
2.5	2.5
2.5	2.25
2.75	4.75
2.75	4.5
2.75	4.25
2.75	4
2.75	3.75
2.75	3.5
2.75	3.25
2.75	3
2.75	2.75
2.75	2.5
2.75	2.25
3	4.75
3	4.5
3	4.25
3	4
3	3.75
3	3.5
3	3.25
3	3
3	2.75
3	2.5
3	2.25
3.25	4.75
3.25	4.5
3.25	4.25
3.25	4
3.25	3.75
3.25	3.5
3.25	3.25
3.25	3
3.25	2.75
3.25	2.5
3.25	2.25
3.5	4.75
3.5	4.5
3.5	4.25
3.5	4
3.5	3.75
3.5	3.5
3.5	3.25
3.5	3
3.5	2.75
3.5	2.5
3.5	2.25
3.75	4.75
3.75	4.5
3.75	4.25
3.75	4
3.75	3.75
3.75	3.5
3.75	3.25
3.75	3
3.75	2.75
3.75	2.5
3.75	2.25
4	4.75
4	4.5
4	4.25
4	4
4	3.75
4	3.5
4	3.25
4	3
4	2.75
4	2.5
4	2.25
4.25	4.75
4.25	4.5
4.25	4.25
4.25	4
4.25	3.75
4.25	3.5
4.25	3.25
4.25	3
4.25	2.75
4.25	2.5
4.25	2.25
4.5	4.75
4.5	4.5
4.5	4.25
4.5	4
4.5	3.75
4.5	3.5
4.5	3.25
4.5	3
4.5	2.75
4.5	2.5
4.5	2.25
4.75	4.75
4.75	4.5
4.75	4.25
4.75	4
4.75	3.75
4.75	3.5
4.75	3.25
4.75	3
4.75	2.75
4.75	2.5
4.75	2.25
2.125	4.875
2.125	4.75
2.25	4.875
2.125	4.625
2.125	4.5
2.25	4.625
2.125	4.375
2.125	4.25
2.25	4.375
2.125	4.125
2.125	4
2.25	4.125
2.125	3.875
2.125	3.75
2.25	3.875
2.125	3.625
2.125	3.5
2.25	3.625
2.125	3.375
2.125	3.25
2.25	3.375
2.125	3.125
2.125	3
2.25	3.125
2.125	2.875
2.125	2.75
2.25	2.875
2.125	2.625
2.125	2.5
2.25	2.625
2.125	2.375
2.125	2.25
2.25	2.375
2.125	2.125
2.25	2.125
2.375	4.875
2.375	4.75
2.5	4.875
2.375	4.625
2.375	4.5
2.5	4.625
2.375	4.375
2.375	4.25
2.5	4.375
2.375	4.125
2.375	4
2.5	4.125
2.375	3.875
2.375	3.75
2.5	3.875
2.375	3.625
2.375	3.5
2.5	3.625
2.375	3.375
2.375	3.25
2.5	3.375
2.375	3.125
2.375	3
2.5	3.125
2.375	2.875
2.375	2.75
2.5	2.875
2.375	2.625
2.375	2.5
2.5	2.625
2.375	2.375
2.375	2.25
2.5	2.375
2.375	2.125
2.5	2.125
2.625	4.875
2.625	4.75
2.75	4.875
2.625	4.625
2.625	4.5
2.75	4.625
2.625	4.375
2.625	4.25
2.75	4.375
2.625	4.125
2.625	4
2.75	4.125
2.625	3.875
2.625	3.75
2.75	3.875
2.625	3.625
2.625	3.5
2.75	3.625
2.625	3.375
2.625	3.25
2.75	3.375
2.625	3.125
2.625	3
2.75	3.125
2.625	2.875
2.625	2.75
2.75	2.875
2.625	2.625
2.625	2.5
2.75	2.625
2.625	2.375
2.625	2.25
2.75	2.375
2.625	2.125
2.75	2.125
2.875	4.875
2.875	4.75
3	4.875
2.875	4.625
2.875	4.5
3	4.625
2.875	4.375
2.875	4.25
3	4.375
2.875	4.125
2.875	4
3	4.125
2.875	3.875
2.875	3.75
3	3.875
2.875	3.625
2.875	3.5
3	3.625
2.875	3.375
2.875	3.25
3	3.375
2.875	3.125
2.875	3
3	3.125
2.875	2.875
2.875	2.75
3	2.875
2.875	2.625
2.875	2.5
3	2.625
2.875	2.375
2.875	2.25
3	2.375
2.875	2.125
3	2.125
3.125	4.875
3.125	4.75
3.25	4.875
3.125	4.625
3.125	4.5
3.25	4.625
3.125	4.375
3.125	4.25
3.25	4.375
3.125	4.125
3.125	4
3.25	4.125
3.125	3.875
3.125	3.75
3.25	3.875
3.125	3.625
3.125	3.5
3.25	3.625
3.125	3.375
3.125	3.25
3.25	3.375
3.125	3.125
3.125	3
3.25	3.125
3.125	2.875
3.125	2.75
3.25	2.875
3.125	2.625
3.125	2.5
3.25	2.625
3.125	2.375
3.125	2.25
3.25	2.375
3.125	2.125
3.25	2.125
3.375	4.875
3.375	4.75
3.5	4.875
3.375	4.625
3.375	4.5
3.5	4.625
3.375	4.375
3.375	4.25
3.5	4.375
3.375	4.125
3.375	4
3.5	4.125
3.375	3.875
3.375	3.75
3.5	3.875
3.375	3.625
3.375	3.5
3.5	3.625
3.375	3.375
3.375	3.25
3.5	3.375
3.375	3.125
3.375	3
3.5	3.125
3.375	2.875
3.375	2.75
3.5	2.875
3.375	2.625
3.375	2.5
3.5	2.625
3.375	2.375
3.375	2.25
3.5	2.375
3.375	2.125
3.5	2.125
3.625	4.875
3.625	4.75
3.75	4.875
3.625	4.625
3.625	4.5
3.75	4.625
3.625	4.375
3.625	4.25
3.75	4.375
3.625	4.125
3.625	4
3.75	4.125
3.625	3.875
3.625	3.75
3.75	3.875
3.625	3.625
3.625	3.5
3.75	3.625
3.625	3.375
3.625	3.25
3.75	3.375
3.625	3.125
3.625	3
3.75	3.125
3.625	2.875
3.625	2.75
3.75	2.875
3.625	2.625
3.625	2.5
3.75	2.625
3.625	2.375
3.625	2.25
3.75	2.375
3.625	2.125
3.75	2.125
3.875	4.875
3.875	4.75
4	4.875
3.875	4.625
3.875	4.5
4	4.625
3.875	4.375
3.875	4.25
4	4.375
3.875	4.125
3.875	4
4	4.125
3.875	3.875
3.875	3.75
4	3.875
3.875	3.625
3.875	3.5
4	3.625
3.875	3.375
3.875	3.25
4	3.375
3.875	3.125
3.875	3
4	3.125
3.875	2.875
3.875	2.75
4	2.875
3.875	2.625
3.875	2.5
4	2.625
3.875	2.375
3.875	2.25
4	2.375
3.875	2.125
4	2.125
4.125	4.875
4.125	4.75
4.25	4.875
4.125	4.625
4.125	4.5
4.25	4.625
4.125	4.375
4.125	4.25
4.25	4.375
4.125	4.125
4.125	4
4.25	4.125
4.125	3.875
4.125	3.75
4.25	3.875
4.125	3.625
4.125	3.5
4.25	3.625
4.125	3.375
4.125	3.25
4.25	3.375
4.125	3.125
4.125	3
4.25	3.125
4.125	2.875
4.125	2.75
4.25	2.875
4.125	2.625
4.125	2.5
4.25	2.625
4.125	2.375
4.125	2.25
4.25	2.375
4.125	2.125
4.25	2.125
4.375	4.875
4.375	4.75
4.5	4.875
4.375	4.625
4.375	4.5
4.5	4.625
4.375	4.375
4.375	4.25
4.5	4.375
4.375	4.125
4.375	4
4.5	4.125
4.375	3.875
4.375	3.75
4.5	3.875
4.375	3.625
4.375	3.5
4.5	3.625
4.375	3.375
4.375	3.25
4.5	3.375
4.375	3.125
4.375	3
4.5	3.125
4.375	2.875
4.375	2.75
4.5	2.875
4.375	2.625
4.375	2.5
4.5	2.625
4.375	2.375
4.375	2.25
4.5	2.375
4.375	2.125
4.5	2.125
4.625	4.875
4.625	4.75
4.75	4.875
4.625	4.625
4.625	4.5
4.75	4.625
4.625	4.375
4.625	4.25
4.75	4.375
4.625	4.125
4.625	4
4.75	4.125
4.625	3.875
4.625	3.75
4.75	3.875
4.625	3.625
4.625	3.5
4.75	3.625
4.625	3.375
4.625	3.25
4.75	3.375
4.625	3.125
4.625	3
4.75	3.125
4.625	2.875
4.625	2.75
4.75	2.875
4.625	2.625
4.625	2.5
4.75	2.625
4.625	2.375
4.625	2.25
4.75	2.375
4.625	2.125
4.75	2.125
4.875	4.875
4.875	4.75
4.875	4.625
4.875	4.5
4.875	4.375
4.875	4.25
4.875	4.125
4.875	4
4.875	3.875
4.875	3.75
4.875	3.625
4.875	3.5
4.875	3.375
4.875	3.25
4.875	3.125
4.875	3
4.875	2.875
4.875	2.75
4.875	2.625
4.875	2.5
4.875	2.375
4.875	2.25
4.875	2.125
5.25	2.25
5.25	2.5
5.25	2.75
5.25	3
5.25	3.25
5.25	3.5
5.25	3.75
5.25	4
5.25	4.25
5.25	4.5
5.25	4.75
5.125	2.125
5.125	2.25
5.25	2.125
5.375	2.125
5.375	2.25
5.125	2.375
5.125	2.5
5.25	2.375
5.375	2.375
5.375	2.5
5.125	2.625
5.125	2.75
5.25	2.625
5.375	2.625
5.375	2.75
5.125	2.875
5.125	3
5.25	2.875
5.375	2.875
5.375	3
5.125	3.125
5.125	3.25
5.25	3.125
5.375	3.125
5.375	3.25
5.125	3.375
5.125	3.5
5.25	3.375
5.375	3.375
5.375	3.5
5.125	3.625
5.125	3.75
5.25	3.625
5.375	3.625
5.375	3.75
5.125	3.875
5.125	4
5.25	3.875
5.375	3.875
5.375	4
5.125	4.125
5.125	4.25
5.25	4.125
5.375	4.125
5.375	4.25
5.125	4.375
5.125	4.5
5.25	4.375
5.375	4.375
5.375	4.5
5.125	4.625
5.125	4.75
5.25	4.625
5.375	4.625
5.375	4.75
5.125	4.875
5.25	4.875
5.375	4.875
5.75	4.75
5.75	4.5
5.75	4.25
5.75	4
5.75	3.75
5.75	3.5
5.75	3.25
5.75	3
5.75	2.75
5.75	2.5
5.75	2.25
5.625	4.875
5.625	4.75
5.75	4.875
5.875	4.875
5.875	4.75
5.625	4.625
5.625	4.5
5.75	4.625
5.875	4.625
5.875	4.5
5.625	4.375
5.625	4.25
5.75	4.375
5.875	4.375
5.875	4.25
5.625	4.125
5.625	4
5.75	4.125
5.875	4.125
5.875	4
5.625	3.875
5.625	3.75
5.75	3.875
5.875	3.875
5.875	3.75
5.625	3.625
5.625	3.5
5.75	3.625
5.875	3.625
5.875	3.5
5.625	3.375
5.625	3.25
5.75	3.375
5.875	3.375
5.875	3.25
5.625	3.125
5.625	3
5.75	3.125
5.875	3.125
5.875	3
5.625	2.875
5.625	2.75
5.75	2.875
5.875	2.875
5.875	2.75
5.625	2.625
5.625	2.5
5.75	2.625
5.875	2.625
5.875	2.5
5.625	2.375
5.625	2.25
5.75	2.375
5.875	2.375
5.875	2.25
5.625	2.125
5.75	2.125
5.875	2.125
8.75	4.75
8.75	4.5
8.75	4.25
8.75	4
8.75	3.75
8.75	3.5
8.75	3.25
8.75	3
8.75	2.75
8.75	2.5
8.75	2.25
8.5	4.75
8.5	4.5
8.5	4.25
8.5	4
8.5	3.75
8.5	3.5
8.5	3.25
8.5	3
8.5	2.75
8.5	2.5
8.5	2.25
8.25	4.75
8.25	4.5
8.25	4.25
8.25	4
8.25	3.75
8.25	3.5
8.25	3.25
8.25	3
8.25	2.75
8.25	2.5
8.25	2.25
8	4.75
8	4.5
8	4.25
8	4
8	3.75
8	3.5
8	3.25
8	3
8	2.75
8	2.5
8	2.25
7.75	4.75
7.75	4.5
7.75	4.25
7.75	4
7.75	3.75
7.75	3.5
7.75	3.25
7.75	3
7.75	2.75
7.75	2.5
7.75	2.25
7.5	4.75
7.5	4.5
7.5	4.25
7.5	4
7.5	3.75
7.5	3.5
7.5	3.25
7.5	3
7.5	2.75
7.5	2.5
7.5	2.25
7.25	4.75
7.25	4.5
7.25	4.25
7.25	4
7.25	3.75
7.25	3.5
7.25	3.25
7.25	3
7.25	2.75
7.25	2.5
7.25	2.25
7	4.75
7	4.5
7	4.25
7	4
7	3.75
7	3.5
7	3.25
7	3
7	2.75
7	2.5
7	2.25
6.75	4.75
6.75	4.5
6.75	4.25
6.75	4
6.75	3.75
6.75	3.5
6.75	3.25
6.75	3
6.75	2.75
6.75	2.5
6.75	2.25
6.5	4.75
6.5	4.5
6.5	4.25
6.5	4
6.5	3.75
6.5	3.5
6.5	3.25
6.5	3
6.5	2.75
6.5	2.5
6.5	2.25
6.25	4.75
6.25	4.5
6.25	4.25
6.25	4
6.25	3.75
6.25	3.5
6.25	3.25
6.25	3
6.25	2.75
6.25	2.5
6.25	2.25
8.75	4.875
8.875	4.875
8.875	4.75
8.75	4.625
8.875	4.625
8.875	4.5
8.75	4.375
8.875	4.375
8.875	4.25
8.75	4.125
8.875	4.125
8.875	4
8.75	3.875
8.875	3.875
8.875	3.75
8.75	3.625
8.875	3.625
8.875	3.5
8.75	3.375
8.875	3.375
8.875	3.25
8.75	3.125
8.875	3.125
8.875	3
8.75	2.875
8.875	2.875
8.875	2.75
8.75	2.625
8.875	2.625
8.875	2.5
8.75	2.375
8.875	2.375
8.875	2.25
8.75	2.125
8.875	2.125
8.5	4.875
8.625	4.875
8.625	4.75
8.5	4.625
8.625	4.625
8.625	4.5
8.5	4.375
8.625	4.375
8.625	4.25
8.5	4.125
8.625	4.125
8.625	4
8.5	3.875
8.625	3.875
8.625	3.75
8.5	3.625
8.625	3.625
8.625	3.5
8.5	3.375
8.625	3.375
8.625	3.25
8.5	3.125
8.625	3.125
8.625	3
8.5	2.875
8.625	2.875
8.625	2.75
8.5	2.625
8.625	2.625
8.625	2.5
8.5	2.375
8.625	2.375
8.625	2.25
8.5	2.125
8.625	2.125
8.25	4.875
8.375	4.875
8.375	4.75
8.25	4.625
8.375	4.625
8.375	4.5
8.25	4.375
8.375	4.375
8.375	4.25
8.25	4.125
8.375	4.125
8.375	4
8.25	3.875
8.375	3.875
8.375	3.75
8.25	3.625
8.375	3.625
8.375	3.5
8.25	3.375
8.375	3.375
8.375	3.25
8.25	3.125
8.375	3.125
8.375	3
8.25	2.875
8.375	2.875
8.375	2.75
8.25	2.625
8.375	2.625
8.375	2.5
8.25	2.375
8.375	2.375
8.375	2.25
8.25	2.125
8.375	2.125
8	4.875
8.125	4.875
8.125	4.75
8	4.625
8.125	4.625
8.125	4.5
8	4.375
8.125	4.375
8.125	4.25
8	4.125
8.125	4.125
8.125	4
8	3.875
8.125	3.875
8.125	3.75
8	3.625
8.125	3.625
8.125	3.5
8	3.375
8.125	3.375
8.125	3.25
8	3.125
8.125	3.125
8.125	3
8	2.875
8.125	2.875
8.125	2.75
8	2.625
8.125	2.625
8.125	2.5
8	2.375
8.125	2.375
8.125	2.25
8	2.125
8.125	2.125
7.75	4.875
7.875	4.875
7.875	4.75
7.75	4.625
7.875	4.625
7.875	4.5
7.75	4.375
7.875	4.375
7.875	4.25
7.75	4.125
7.875	4.125
7.875	4
7.75	3.875
7.875	3.875
7.875	3.75
7.75	3.625
7.875	3.625
7.875	3.5
7.75	3.375
7.875	3.375
7.875	3.25
7.75	3.125
7.875	3.125
7.875	3
7.75	2.875
7.875	2.875
7.875	2.75
7.75	2.625
7.875	2.625
7.875	2.5
7.75	2.375
7.875	2.375
7.875	2.25
7.75	2.125
7.875	2.125
7.5	4.875
7.625	4.875
7.625	4.75
7.5	4.625
7.625	4.625
7.625	4.5
7.5	4.375
7.625	4.375
7.625	4.25
7.5	4.125
7.625	4.125
7.625	4
7.5	3.875
7.625	3.875
7.625	3.75
7.5	3.625
7.625	3.625
7.625	3.5
7.5	3.375
7.625	3.375
7.625	3.25
7.5	3.125
7.625	3.125
7.625	3
7.5	2.875
7.625	2.875
7.625	2.75
7.5	2.625
7.625	2.625
7.625	2.5
7.5	2.375
7.625	2.375
7.625	2.25
7.5	2.125
7.625	2.125
7.25	4.875
7.375	4.875
7.375	4.75
7.25	4.625
7.375	4.625
7.375	4.5
7.25	4.375
7.375	4.375
7.375	4.25
7.25	4.125
7.375	4.125
7.375	4
7.25	3.875
7.375	3.875
7.375	3.75
7.25	3.625
7.375	3.625
7.375	3.5
7.25	3.375
7.375	3.375
7.375	3.25
7.25	3.125
7.375	3.125
7.375	3
7.25	2.875
7.375	2.875
7.375	2.75
7.25	2.625
7.375	2.625
7.375	2.5
7.25	2.375
7.375	2.375
7.375	2.25
7.25	2.125
7.375	2.125
7	4.875
7.125	4.875
7.125	4.75
7	4.625
7.125	4.625
7.125	4.5
7	4.375
7.125	4.375
7.125	4.25
7	4.125
7.125	4.125
7.125	4
7	3.875
7.125	3.875
7.125	3.75
7	3.625
7.125	3.625
7.125	3.5
7	3.375
7.125	3.375
7.125	3.25
7	3.125
7.125	3.125
7.125	3
7	2.875
7.125	2.875
7.125	2.75
7	2.625
7.125	2.625
7.125	2.5
7	2.375
7.125	2.375
7.125	2.25
7	2.125
7.125	2.125
6.75	4.875
6.875	4.875
6.875	4.75
6.75	4.625
6.875	4.625
6.875	4.5
6.75	4.375
6.875	4.375
6.875	4.25
6.75	4.125
6.875	4.125
6.875	4
6.75	3.875
6.875	3.875
6.875	3.75
6.75	3.625
6.875	3.625
6.875	3.5
6.75	3.375
6.875	3.375
6.875	3.25
6.75	3.125
6.875	3.125
6.875	3
6.75	2.875
6.875	2.875
6.875	2.75
6.75	2.625
6.875	2.625
6.875	2.5
6.75	2.375
6.875	2.375
6.875	2.25
6.75	2.125
6.875	2.125
6.5	4.875
6.625	4.875
6.625	4.75
6.5	4.625
6.625	4.625
6.625	4.5
6.5	4.375
6.625	4.375
6.625	4.25
6.5	4.125
6.625	4.125
6.625	4
6.5	3.875
6.625	3.875
6.625	3.75
6.5	3.625
6.625	3.625
6.625	3.5
6.5	3.375
6.625	3.375
6.625	3.25
6.5	3.125
6.625	3.125
6.625	3
6.5	2.875
6.625	2.875
6.625	2.75
6.5	2.625
6.625	2.625
6.625	2.5
6.5	2.375
6.625	2.375
6.625	2.25
6.5	2.125
6.625	2.125
6.25	4.875
6.375	4.875
6.375	4.75
6.25	4.625
6.375	4.625
6.375	4.5
6.25	4.375
6.375	4.375
6.375	4.25
6.25	4.125
6.375	4.125
6.375	4
6.25	3.875
6.375	3.875
6.375	3.75
6.25	3.625
6.375	3.625
6.375	3.5
6.25	3.375
6.375	3.375
6.375	3.25
6.25	3.125
6.375	3.125
6.375	3
6.25	2.875
6.375	2.875
6.375	2.75
6.25	2.625
6.375	2.625
6.375	2.5
6.25	2.375
6.375	2.375
6.375	2.25
6.25	2.125
6.375	2.125
6.125	4.875
6.125	4.75
6.125	4.625
6.125	4.5
6.125	4.375
6.125	4.25
6.125	4.125
6.125	4
6.125	3.875
6.125	3.75
6.125	3.625
6.125	3.5
6.125	3.375
6.125	3.25
6.125	3.125
6.125	3
6.125	2.875
6.125	2.75
6.125	2.625
6.125	2.5
6.125	2.375
6.125	2.25
6.125	2.125
6.25	5.25
6.5	5.25
6.75	5.25
7	5.25
7.25	5.25
7.5	5.25
7.75	5.25
8	5.25
8.25	5.25
8.5	5.25
8.75	5.25
6.125	5.375
6.125	5.25
6.25	5.375
6.375	5.375
6.375	5.25
6.5	5.375
6.625	5.375
6.625	5.25
6.75	5.375
6.875	5.375
6.875	5.25
7	5.375
7.125	5.375
7.125	5.25
7.25	5.375
7.375	5.375
7.375	5.25
7.5	5.375
7.625	5.375
7.625	5.25
7.75	5.375
7.875	5.375
7.875	5.25
8	5.375
8.125	5.375
8.125	5.25
8.25	5.375
8.375	5.375
8.375	5.25
8.5	5.375
8.625	5.375
8.625	5.25
8.75	5.375
8.875	5.375
8.875	5.25
6.125	5.125
6.25	5.125
6.375	5.125
6.5	5.125
6.625	5.125
6.75	5.125
6.875	5.125
7	5.125
7.125	5.125
7.25	5.125
7.375	5.125
7.5	5.125
7.625	5.125
7.75	5.125
7.875	5.125
8	5.125
8.125	5.125
8.25	5.125
8.375	5.125
8.5	5.125
8.625	5.125
8.75	5.125
8.875	5.125
6.25	5.75
6.5	5.75
6.75	5.75
7	5.75
7.25	5.75
7.5	5.75
7.75	5.75
8	5.75
8.25	5.75
8.5	5.75
8.75	5.75
6.125	5.875
6.125	5.75
6.25	5.875
6.375	5.875
6.375	5.75
6.5	5.875
6.625	5.875
6.625	5.75
6.75	5.875
6.875	5.875
6.875	5.75
7	5.875
7.125	5.875
7.125	5.75
7.25	5.875
7.375	5.875
7.375	5.75
7.5	5.875
7.625	5.875
7.625	5.75
7.75	5.875
7.875	5.875
7.875	5.75
8	5.875
8.125	5.875
8.125	5.75
8.25	5.875
8.375	5.875
8.375	5.75
8.5	5.875
8.625	5.875
8.625	5.75
8.75	5.875
8.875	5.875
8.875	5.75
6.125	5.625
6.25	5.625
6.375	5.625
6.5	5.625
6.625	5.625
6.75	5.625
6.875	5.625
7	5.625
7.125	5.625
7.25	5.625
7.375	5.625
7.5	5.625
7.625	5.625
7.75	5.625
7.875	5.625
8	5.625
8.125	5.625
8.25	5.625
8.375	5.625
8.5	5.625
8.625	5.625
8.75	5.625
8.875	5.625
6.25	8.75
6.5	8.75
6.75	8.75
7	8.75
7.25	8.75
7.5	8.75
7.75	8.75
8	8.75
8.25	8.75
8.5	8.75
8.75	8.75
6.25	8.5
6.5	8.5
6.75	8.5
7	8.5
7.25	8.5
7.5	8.5
7.75	8.5
8	8.5
8.25	8.5
8.5	8.5
8.75	8.5
6.25	8.25
6.5	8.25
6.75	8.25
7	8.25
7.25	8.25
7.5	8.25
7.75	8.25
8	8.25
8.25	8.25
8.5	8.25
8.75	8.25
6.25	8
6.5	8
6.75	8
7	8
7.25	8
7.5	8
7.75	8
8	8
8.25	8
8.5	8
8.75	8
6.25	7.75
6.5	7.75
6.75	7.75
7	7.75
7.25	7.75
7.5	7.75
7.75	7.75
8	7.75
8.25	7.75
8.5	7.75
8.75	7.75
6.25	7.5
6.5	7.5
6.75	7.5
7	7.5
7.25	7.5
7.5	7.5
7.75	7.5
8	7.5
8.25	7.5
8.5	7.5
8.75	7.5
6.25	7.25
6.5	7.25
6.75	7.25
7	7.25
7.25	7.25
7.5	7.25
7.75	7.25
8	7.25
8.25	7.25
8.5	7.25
8.75	7.25
6.25	7
6.5	7
6.75	7
7	7
7.25	7
7.5	7
7.75	7
8	7
8.25	7
8.5	7
8.75	7
6.25	6.75
6.5	6.75
6.75	6.75
7	6.75
7.25	6.75
7.5	6.75
7.75	6.75
8	6.75
8.25	6.75
8.5	6.75
8.75	6.75
6.25	6.5
6.5	6.5
6.75	6.5
7	6.5
7.25	6.5
7.5	6.5
7.75	6.5
8	6.5
8.25	6.5
8.5	6.5
8.75	6.5
6.25	6.25
6.5	6.25
6.75	6.25
7	6.25
7.25	6.25
7.5	6.25
7.75	6.25
8	6.25
8.25	6.25
8.5	6.25
8.75	6.25
6.125	8.875
6.125	8.75
6.25	8.875
6.375	8.875
6.375	8.75
6.5	8.875
6.625	8.875
6.625	8.75
6.75	8.875
6.875	8.875
6.875	8.75
7	8.875
7.125	8.875
7.125	8.75
7.25	8.875
7.375	8.875
7.375	8.75
7.5	8.875
7.625	8.875
7.625	8.75
7.75	8.875
7.875	8.875
7.875	8.75
8	8.875
8.125	8.875
8.125	8.75
8.25	8.875
8.375	8.875
8.375	8.75
8.5	8.875
8.625	8.875
8.625	8.75
8.75	8.875
8.875	8.875
8.875	8.75
6.125	8.625
6.125	8.5
6.25	8.625
6.375	8.625
6.375	8.5
6.5	8.625
6.625	8.625
6.625	8.5
6.75	8.625
6.875	8.625
6.875	8.5
7	8.625
7.125	8.625
7.125	8.5
7.25	8.625
7.375	8.625
7.375	8.5
7.5	8.625
7.625	8.625
7.625	8.5
7.75	8.625
7.875	8.625
7.875	8.5
8	8.625
8.125	8.625
8.125	8.5
8.25	8.625
8.375	8.625
8.375	8.5
8.5	8.625
8.625	8.625
8.625	8.5
8.75	8.625
8.875	8.625
8.875	8.5
6.125	8.375
6.125	8.25
6.25	8.375
6.375	8.375
6.375	8.25
6.5	8.375
6.625	8.375
6.625	8.25
6.75	8.375
6.875	8.375
6.875	8.25
7	8.375
7.125	8.375
7.125	8.25
7.25	8.375
7.375	8.375
7.375	8.25
7.5	8.375
7.625	8.375
7.625	8.25
7.75	8.375
7.875	8.375
7.875	8.25
8	8.375
8.125	8.375
8.125	8.25
8.25	8.375
8.375	8.375
8.375	8.25
8.5	8.375
8.625	8.375
8.625	8.25
8.75	8.375
8.875	8.375
8.875	8.25
6.125	8.125
6.125	8
6.25	8.125
6.375	8.125
6.375	8
6.5	8.125
6.625	8.125
6.625	8
6.75	8.125
6.875	8.125
6.875	8
7	8.125
7.125	8.125
7.125	8
7.25	8.125
7.375	8.125
7.375	8
7.5	8.125
7.625	8.125
7.625	8
7.75	8.125
7.875	8.125
7.875	8
8	8.125
8.125	8.125
8.125	8
8.25	8.125
8.375	8.125
8.375	8
8.5	8.125
8.625	8.125
8.625	8
8.75	8.125
8.875	8.125
8.875	8
6.125	7.875
6.125	7.75
6.25	7.875
6.375	7.875
6.375	7.75
6.5	7.875
6.625	7.875
6.625	7.75
6.75	7.875
6.875	7.875
6.875	7.75
7	7.875
7.125	7.875
7.125	7.75
7.25	7.875
7.375	7.875
7.375	7.75
7.5	7.875
7.625	7.875
7.625	7.75
7.75	7.875
7.875	7.875
7.875	7.75
8	7.875
8.125	7.875
8.125	7.75
8.25	7.875
8.375	7.875
8.375	7.75
8.5	7.875
8.625	7.875
8.625	7.75
8.75	7.875
8.875	7.875
8.875	7.75
6.125	7.625
6.125	7.5
6.25	7.625
6.375	7.625
6.375	7.5
6.5	7.625
6.625	7.625
6.625	7.5
6.75	7.625
6.875	7.625
6.875	7.5
7	7.625
7.125	7.625
7.125	7.5
7.25	7.625
7.375	7.625
7.375	7.5
7.5	7.625
7.625	7.625
7.625	7.5
7.75	7.625
7.875	7.625
7.875	7.5
8	7.625
8.125	7.625
8.125	7.5
8.25	7.625
8.375	7.625
8.375	7.5
8.5	7.625
8.625	7.625
8.625	7.5
8.75	7.625
8.875	7.625
8.875	7.5
6.125	7.375
6.125	7.25
6.25	7.375
6.375	7.375
6.375	7.25
6.5	7.375
6.625	7.375
6.625	7.25
6.75	7.375
6.875	7.375
6.875	7.25
7	7.375
7.125	7.375
7.125	7.25
7.25	7.375
7.375	7.375
7.375	7.25
7.5	7.375
7.625	7.375
7.625	7.25
7.75	7.375
7.875	7.375
7.875	7.25
8	7.375
8.125	7.375
8.125	7.25
8.25	7.375
8.375	7.375
8.375	7.25
8.5	7.375
8.625	7.375
8.625	7.25
8.75	7.375
8.875	7.375
8.875	7.25
6.125	7.125
6.125	7
6.25	7.125
6.375	7.125
6.375	7
6.5	7.125
6.625	7.125
6.625	7
6.75	7.125
6.875	7.125
6.875	7
7	7.125
7.125	7.125
7.125	7
7.25	7.125
7.375	7.125
7.375	7
7.5	7.125
7.625	7.125
7.625	7
7.75	7.125
7.875	7.125
7.875	7
8	7.125
8.125	7.125
8.125	7
8.25	7.125
8.375	7.125
8.375	7
8.5	7.125
8.625	7.125
8.625	7
8.75	7.125
8.875	7.125
8.875	7
6.125	6.875
6.125	6.75
6.25	6.875
6.375	6.875
6.375	6.75
6.5	6.875
6.625	6.875
6.625	6.75
6.75	6.875
6.875	6.875
6.875	6.75
7	6.875
7.125	6.875
7.125	6.75
7.25	6.875
7.375	6.875
7.375	6.75
7.5	6.875
7.625	6.875
7.625	6.75
7.75	6.875
7.875	6.875
7.875	6.75
8	6.875
8.125	6.875
8.125	6.75
8.25	6.875
8.375	6.875
8.375	6.75
8.5	6.875
8.625	6.875
8.625	6.75
8.75	6.875
8.875	6.875
8.875	6.75
6.125	6.625
6.125	6.5
6.25	6.625
6.375	6.625
6.375	6.5
6.5	6.625
6.625	6.625
6.625	6.5
6.75	6.625
6.875	6.625
6.875	6.5
7	6.625
7.125	6.625
7.125	6.5
7.25	6.625
7.375	6.625
7.375	6.5
7.5	6.625
7.625	6.625
7.625	6.5
7.75	6.625
7.875	6.625
7.875	6.5
8	6.625
8.125	6.625
8.125	6.5
8.25	6.625
8.375	6.625
8.375	6.5
8.5	6.625
8.625	6.625
8.625	6.5
8.75	6.625
8.875	6.625
8.875	6.5
6.125	6.375
6.125	6.25
6.25	6.375
6.375	6.375
6.375	6.25
6.5	6.375
6.625	6.375
6.625	6.25
6.75	6.375
6.875	6.375
6.875	6.25
7	6.375
7.125	6.375
7.125	6.25
7.25	6.375
7.375	6.375
7.375	6.25
7.5	6.375
7.625	6.375
7.625	6.25
7.75	6.375
7.875	6.375
7.875	6.25
8	6.375
8.125	6.375
8.125	6.25
8.25	6.375
8.375	6.375
8.375	6.25
8.5	6.375
8.625	6.375
8.625	6.25
8.75	6.375
8.875	6.375
8.875	6.25
6.125	6.125
6.25	6.125
6.375	6.125
6.5	6.125
6.625	6.125
6.75	6.125
6.875	6.125
7	6.125
7.125	6.125
7.25	6.125
7.375	6.125
7.5	6.125
7.625	6.125
7.75	6.125
7.875	6.125
8	6.125
8.125	6.125
8.25	6.125
8.375	6.125
8.5	6.125
8.625	6.125
8.75	6.125
8.875	6.125
5.75	8.75
5.75	8.5
5.75	8.25
5.75	8
5.75	7.75
5.75	7.5
5.75	7.25
5.75	7
5.75	6.75
5.75	6.5
5.75	6.25
5.875	8.875
5.875	8.75
5.75	8.875
5.625	8.875
5.625	8.75
5.875	8.625
5.875	8.5
5.75	8.625
5.625	8.625
5.625	8.5
5.875	8.375
5.875	8.25
5.75	8.375
5.625	8.375
5.625	8.25
5.875	8.125
5.875	8
5.75	8.125
5.625	8.125
5.625	8
5.875	7.875
5.875	7.75
5.75	7.875
5.625	7.875
5.625	7.75
5.875	7.625
5.875	7.5
5.75	7.625
5.625	7.625
5.625	7.5
5.875	7.375
5.875	7.25
5.75	7.375
5.625	7.375
5.625	7.25
5.875	7.125
5.875	7
5.75	7.125
5.625	7.125
5.625	7
5.875	6.875
5.875	6.75
5.75	6.875
5.625	6.875
5.625	6.75
5.875	6.625
5.875	6.5
5.75	6.625
5.625	6.625
5.625	6.5
5.875	6.375
5.875	6.25
5.75	6.375
5.625	6.375
5.625	6.25
5.875	6.125
5.75	6.125
5.625	6.125
5.25	6.25
5.25	6.5
5.25	6.75
5.25	7
5.25	7.25
5.25	7.5
5.25	7.75
5.25	8
5.25	8.25
5.25	8.5
5.25	8.75
5.25	6.125
5.125	6.125
5.125	6.25
5.25	6.375
5.125	6.375
5.125	6.5
5.25	6.625
5.125	6.625
5.125	6.75
5.25	6.875
5.125	6.875
5.125	7
5.25	7.125
5.125	7.125
5.125	7.25
5.25	7.375
5.125	7.375
5.125	7.5
5.25	7.625
5.125	7.625
5.125	7.75
5.25	7.875
5.125	7.875
5.125	8
5.25	8.125
5.125	8.125
5.125	8.25
5.25	8.375
5.125	8.375
5.125	8.5
5.25	8.625
5.125	8.625
5.125	8.75
5.25	8.875
5.125	8.875
5.375	6.125
5.375	6.25
5.375	6.375
5.375	6.5
5.375	6.625
5.375	6.75
5.375	6.875
5.375	7
5.375	7.125
5.375	7.25
5.375	7.375
5.375	7.5
5.375	7.625
5.375	7.75
5.375	7.875
5.375	8
5.375	8.125
5.375	8.25
5.375	8.375
5.375	8.5
5.375	8.625
5.375	8.75
5.375	8.875
2.25	6.25
2.25	6.5
2.25	6.75
2.25	7
2.25	7.25
2.25	7.5
2.25	7.75
2.25	8
2.25	8.25
2.25	8.5
2.25	8.75
2.5	6.25
2.5	6.5
2.5	6.75
2.5	7
2.5	7.25
2.5	7.5
2.5	7.75
2.5	8
2.5	8.25
2.5	8.5
2.5	8.75
2.75	6.25
2.75	6.5
2.75	6.75
2.75	7
2.75	7.25
2.75	7.5
2.75	7.75
2.75	8
2.75	8.25
2.75	8.5
2.75	8.75
3	6.25
3	6.5
3	6.75
3	7
3	7.25
3	7.5
3	7.75
3	8
3	8.25
3	8.5
3	8.75
3.25	6.25
3.25	6.5
3.25	6.75
3.25	7
3.25	7.25
3.25	7.5
3.25	7.75
3.25	8
3.25	8.25
3.25	8.5
3.25	8.75
3.5	6.25
3.5	6.5
3.5	6.75
3.5	7
3.5	7.25
3.5	7.5
3.5	7.75
3.5	8
3.5	8.25
3.5	8.5
3.5	8.75
3.75	6.25
3.75	6.5
3.75	6.75
3.75	7
3.75	7.25
3.75	7.5
3.75	7.75
3.75	8
3.75	8.25
3.75	8.5
3.75	8.75
4	6.25
4	6.5
4	6.75
4	7
4	7.25
4	7.5
4	7.75
4	8
4	8.25
4	8.5
4	8.75
4.25	6.25
4.25	6.5
4.25	6.75
4.25	7
4.25	7.25
4.25	7.5
4.25	7.75
4.25	8
4.25	8.25
4.25	8.5
4.25	8.75
4.5	6.25
4.5	6.5
4.5	6.75
4.5	7
4.5	7.25
4.5	7.5
4.5	7.75
4.5	8
4.5	8.25
4.5	8.5
4.5	8.75
4.75	6.25
4.75	6.5
4.75	6.75
4.75	7
4.75	7.25
4.75	7.5
4.75	7.75
4.75	8
4.75	8.25
4.75	8.5
4.75	8.75
2.25	6.125
2.125	6.125
2.125	6.25
2.25	6.375
2.125	6.375
2.125	6.5
2.25	6.625
2.125	6.625
2.125	6.75
2.25	6.875
2.125	6.875
2.125	7
2.25	7.125
2.125	7.125
2.125	7.25
2.25	7.375
2.125	7.375
2.125	7.5
2.25	7.625
2.125	7.625
2.125	7.75
2.25	7.875
2.125	7.875
2.125	8
2.25	8.125
2.125	8.125
2.125	8.25
2.25	8.375
2.125	8.375
2.125	8.5
2.25	8.625
2.125	8.625
2.125	8.75
2.25	8.875
2.125	8.875
2.5	6.125
2.375	6.125
2.375	6.25
2.5	6.375
2.375	6.375
2.375	6.5
2.5	6.625
2.375	6.625
2.375	6.75
2.5	6.875
2.375	6.875
2.375	7
2.5	7.125
2.375	7.125
2.375	7.25
2.5	7.375
2.375	7.375
2.375	7.5
2.5	7.625
2.375	7.625
2.375	7.75
2.5	7.875
2.375	7.875
2.375	8
2.5	8.125
2.375	8.125
2.375	8.25
2.5	8.375
2.375	8.375
2.375	8.5
2.5	8.625
2.375	8.625
2.375	8.75
2.5	8.875
2.375	8.875
2.75	6.125
2.625	6.125
2.625	6.25
2.75	6.375
2.625	6.375
2.625	6.5
2.75	6.625
2.625	6.625
2.625	6.75
2.75	6.875
2.625	6.875
2.625	7
2.75	7.125
2.625	7.125
2.625	7.25
2.75	7.375
2.625	7.375
2.625	7.5
2.75	7.625
2.625	7.625
2.625	7.75
2.75	7.875
2.625	7.875
2.625	8
2.75	8.125
2.625	8.125
2.625	8.25
2.75	8.375
2.625	8.375
2.625	8.5
2.75	8.625
2.625	8.625
2.625	8.75
2.75	8.875
2.625	8.875
3	6.125
2.875	6.125
2.875	6.25
3	6.375
2.875	6.375
2.875	6.5
3	6.625
2.875	6.625
2.875	6.75
3	6.875
2.875	6.875
2.875	7
3	7.125
2.875	7.125
2.875	7.25
3	7.375
2.875	7.375
2.875	7.5
3	7.625
2.875	7.625
2.875	7.75
3	7.875
2.875	7.875
2.875	8
3	8.125
2.875	8.125
2.875	8.25
3	8.375
2.875	8.375
2.875	8.5
3	8.625
2.875	8.625
2.875	8.75
3	8.875
2.875	8.875
3.25	6.125
3.125	6.125
3.125	6.25
3.25	6.375
3.125	6.375
3.125	6.5
3.25	6.625
3.125	6.625
3.125	6.75
3.25	6.875
3.125	6.875
3.125	7
3.25	7.125
3.125	7.125
3.125	7.25
3.25	7.375
3.125	7.375
3.125	7.5
3.25	7.625
3.125	7.625
3.125	7.75
3.25	7.875
3.125	7.875
3.125	8
3.25	8.125
3.125	8.125
3.125	8.25
3.25	8.375
3.125	8.375
3.125	8.5
3.25	8.625
3.125	8.625
3.125	8.75
3.25	8.875
3.125	8.875
3.5	6.125
3.375	6.125
3.375	6.25
3.5	6.375
3.375	6.375
3.375	6.5
3.5	6.625
3.375	6.625
3.375	6.75
3.5	6.875
3.375	6.875
3.375	7
3.5	7.125
3.375	7.125
3.375	7.25
3.5	7.375
3.375	7.375
3.375	7.5
3.5	7.625
3.375	7.625
3.375	7.75
3.5	7.875
3.375	7.875
3.375	8
3.5	8.125
3.375	8.125
3.375	8.25
3.5	8.375
3.375	8.375
3.375	8.5
3.5	8.625
3.375	8.625
3.375	8.75
3.5	8.875
3.375	8.875
3.75	6.125
3.625	6.125
3.625	6.25
3.75	6.375
3.625	6.375
3.625	6.5
3.75	6.625
3.625	6.625
3.625	6.75
3.75	6.875
3.625	6.875
3.625	7
3.75	7.125
3.625	7.125
3.625	7.25
3.75	7.375
3.625	7.375
3.625	7.5
3.75	7.625
3.625	7.625
3.625	7.75
3.75	7.875
3.625	7.875
3.625	8
3.75	8.125
3.625	8.125
3.625	8.25
3.75	8.375
3.625	8.375
3.625	8.5
3.75	8.625
3.625	8.625
3.625	8.75
3.75	8.875
3.625	8.875
4	6.125
3.875	6.125
3.875	6.25
4	6.375
3.875	6.375
3.875	6.5
4	6.625
3.875	6.625
3.875	6.75
4	6.875
3.875	6.875
3.875	7
4	7.125
3.875	7.125
3.875	7.25
4	7.375
3.875	7.375
3.875	7.5
4	7.625
3.875	7.625
3.875	7.75
4	7.875
3.875	7.875
3.875	8
4	8.125
3.875	8.125
3.875	8.25
4	8.375
3.875	8.375
3.875	8.5
4	8.625
3.875	8.625
3.875	8.75
4	8.875
3.875	8.875
4.25	6.125
4.125	6.125
4.125	6.25
4.25	6.375
4.125	6.375
4.125	6.5
4.25	6.625
4.125	6.625
4.125	6.75
4.25	6.875
4.125	6.875
4.125	7
4.25	7.125
4.125	7.125
4.125	7.25
4.25	7.375
4.125	7.375
4.125	7.5
4.25	7.625
4.125	7.625
4.125	7.75
4.25	7.875
4.125	7.875
4.125	8
4.25	8.125
4.125	8.125
4.125	8.25
4.25	8.375
4.125	8.375
4.125	8.5
4.25	8.625
4.125	8.625
4.125	8.75
4.25	8.875
4.125	8.875
4.5	6.125
4.375	6.125
4.375	6.25
4.5	6.375
4.375	6.375
4.375	6.5
4.5	6.625
4.375	6.625
4.375	6.75
4.5	6.875
4.375	6.875
4.375	7
4.5	7.125
4.375	7.125
4.375	7.25
4.5	7.375
4.375	7.375
4.375	7.5
4.5	7.625
4.375	7.625
4.375	7.75
4.5	7.875
4.375	7.875
4.375	8
4.5	8.125
4.375	8.125
4.375	8.25
4.5	8.375
4.375	8.375
4.375	8.5
4.5	8.625
4.375	8.625
4.375	8.75
4.5	8.875
4.375	8.875
4.75	6.125
4.625	6.125
4.625	6.25
4.75	6.375
4.625	6.375
4.625	6.5
4.75	6.625
4.625	6.625
4.625	6.75
4.75	6.875
4.625	6.875
4.625	7
4.75	7.125
4.625	7.125
4.625	7.25
4.75	7.375
4.625	7.375
4.625	7.5
4.75	7.625
4.625	7.625
4.625	7.75
4.75	7.875
4.625	7.875
4.625	8
4.75	8.125
4.625	8.125
4.625	8.25
4.75	8.375
4.625	8.375
4.625	8.5
4.75	8.625
4.625	8.625
4.625	8.75
4.75	8.875
4.625	8.875
4.875	6.125
4.875	6.25
4.875	6.375
4.875	6.5
4.875	6.625
4.875	6.75
4.875	6.875
4.875	7
4.875	7.125
4.875	7.25
4.875	7.375
4.875	7.5
4.875	7.625
4.875	7.75
4.875	7.875
4.875	8
4.875	8.125
4.875	8.25
4.875	8.375
4.875	8.5
4.875	8.625
4.875	8.75
4.875	8.875
2.25	5.75
2.5	5.75
2.75	5.75
3	5.75
3.25	5.75
3.5	5.75
3.75	5.75
4	5.75
4.25	5.75
4.5	5.75
4.75	5.75
2.125	5.875
2.125	5.75
2.25	5.875
2.375	5.875
2.375	5.75
2.5	5.875
2.625	5.875
2.625	5.75
2.75	5.875
2.875	5.875
2.875	5.75
3	5.875
3.125	5.875
3.125	5.75
3.25	5.875
3.375	5.875
3.375	5.75
3.5	5.875
3.625	5.875
3.625	5.75
3.75	5.875
3.875	5.875
3.875	5.75
4	5.875
4.125	5.875
4.125	5.75
4.25	5.875
4.375	5.875
4.375	5.75
4.5	5.875
4.625	5.875
4.625	5.75
4.75	5.875
4.875	5.875
4.875	5.75
2.125	5.625
2.25	5.625
2.375	5.625
2.5	5.625
2.625	5.625
2.75	5.625
2.875	5.625
3	5.625
3.125	5.625
3.25	5.625
3.375	5.625
3.5	5.625
3.625	5.625
3.75	5.625
3.875	5.625
4	5.625
4.125	5.625
4.25	5.625
4.375	5.625
4.5	5.625
4.625	5.625
4.75	5.625
4.875	5.625
4.75	5.25
4.5	5.25
4.25	5.25
4	5.25
3.75	5.25
3.5	5.25
3.25	5.25
3	5.25
2.75	5.25
2.5	5.25
2.25	5.25
4.75	5.375
4.875	5.375
4.875	5.25
4.75	5.125
4.875	5.125
4.5	5.375
4.625	5.375
4.625	5.25
4.5	5.125
4.625	5.125
4.25	5.375
4.375	5.375
4.375	5.25
4.25	5.125
4.375	5.125
4	5.375
4.125	5.375
4.125	5.25
4	5.125
4.125	5.125
3.75	5.375
3.875	5.375
3.875	5.25
3.75	5.125
3.875	5.125
3.5	5.375
3.625	5.375
3.625	5.25
3.5	5.125
3.625	5.125
3.25	5.375
3.375	5.375
3.375	5.25
3.25	5.125
3.375	5.125
3	5.375
3.125	5.375
3.125	5.25
3	5.125
3.125	5.125
2.75	5.375
2.875	5.375
2.875	5.25
2.75	5.125
2.875	5.125
2.5	5.375
2.625	5.375
2.625	5.25
2.5	5.125
2.625	5.125
2.25	5.375
2.375	5.375
2.375	5.25
2.25	5.125
2.375	5.125
2.125	5.375
2.125	5.25
2.125	5.125

--------------------------------------------------------------------------------
ELEMENT CONNECTIVITY
--------------------------------------------------------------------------------
4	25	215	36	654	226
25	533	215	655	656	654
25	26	533	37	657	655
26	534	533	658	659	657
26	27	534	38	660	658
27	535	534	661	662	660
27	28	535	39	663	661
28	536	535	664	665	663
28	29	536	40	666	664
29	537	536	667	668	666
29	30	537	41	669	667
30	538	537	670	671	669
30	31	538	42	672	670
31	539	538	673	674	672
31	32	539	43	675	673
32	540	539	676	677	675
32	33	540	44	678	676
33	541	540	679	680	678
33	34	541	45	681	679
34	542	541	682	683	681
34	35	542	46	684	682
35	543	542	685	686	684
35	1	543	47	687	685
1	48	543	59	688	687
215	533	216	656	689	227
533	544	216	690	691	689
533	534	544	659	692	690
534	545	544	693	694	692
534	535	545	662	695	693
535	546	545	696	697	695
535	536	546	665	698	696
536	547	546	699	700	698
536	537	547	668	701	699
537	548	547	702	703	701
537	538	548	671	704	702
538	549	548	705	706	704
538	539	549	674	707	705
539	550	549	708	709	707
539	540	550	677	710	708
540	551	550	711	712	710
540	541	551	680	713	711
541	552	551	714	715	713
541	542	552	683	716	714
542	553	552	717	718	716
542	543	553	686	719	717
543	554	553	720	721	719
543	48	554	688	722	720
48	49	554	60	723	722
216	544	217	691	724	228
544	555	217	725	726	724
544	545	555	694	727	725
545	556	555	728	729	727
545	546	556	697	730	728
546	557	556	731	732	730
546	547	557	700	733	731
547	558	557	734	735	733
547	548	558	703	736	734
548	559	558	737	738	736
548	549	559	706	739	737
549	560	559	740	741	739
549	550	560	709	742	740
550	561	560	743	744	742
550	551	561	712	745	743
551	562	561	746	747	745
551	552	562	715	748	746
552	563	562	749	750	748
552	553	563	718	751	749
553	564	563	752	753	751
553	554	564	721	754	752
554	565	564	755	756	754
554	49	565	723	757	755
49	50	565	61	758	757
217	555	218	726	759	229
555	566	218	760	761	759
555	556	566	729	762	760
556	567	566	763	764	762
556	557	567	732	765	763
557	568	567	766	767	765
557	558	568	735	768	766
558	569	568	769	770	768
558	559	569	738	771	769
559	570	569	772	773	771
559	560	570	741	774	772
560	571	570	775	776	774
560	561	571	744	777	775
561	572	571	778	779	777
561	562	572	747	780	778
562	573	572	781	782	780
562	563	573	750	783	781
563	574	573	784	785	783
563	564	574	753	786	784
564	575	574	787	788	786
564	565	575	756	789	787
565	576	575	790	791	789
565	50	576	758	792	790
50	51	576	62	793	792
218	566	219	761	794	230
566	577	219	795	796	794
566	567	577	764	797	795
567	578	577	798	799	797
567	568	578	767	800	798
568	579	578	801	802	800
568	569	579	770	803	801
569	580	579	804	805	803
569	570	580	773	806	804
570	581	580	807	808	806
570	571	581	776	809	807
571	582	581	810	811	809
571	572	582	779	812	810
572	583	582	813	814	812
572	573	583	782	815	813
573	584	583	816	817	815
573	574	584	785	818	816
574	585	584	819	820	818
574	575	585	788	821	819
575	586	585	822	823	821
575	576	586	791	824	822
576	587	586	825	826	824
576	51	587	793	827	825
51	52	587	63	828	827
219	577	220	796	829	231
577	588	220	830	831	829
577	578	588	799	832	830
578	589	588	833	834	832
578	579	589	802	835	833
579	590	589	836	837	835
579	580	590	805	838	836
580	591	590	839	840	838
580	581	591	808	841	839
581	592	591	842	843	841
581	582	592	811	844	842
582	593	592	845	846	844
582	583	593	814	847	845
583	594	593	848	849	847
583	584	594	817	850	848
584	595	594	851	852	850
584	585	595	820	853	851
585	596	595	854	855	853
585	586	596	823	856	854
586	597	596	857	858	856
586	587	597	826	859	857
587	598	597	860	861	859
587	52	598	828	862	860
52	53	598	64	863	862
220	588	221	831	864	232
588	599	221	865	866	864
588	589	599	834	867	865
589	600	599	868	869	867
589	590	600	837	870	868
590	601	600	871	872	870
590	591	601	840	873	871
591	602	601	874	875	873
591	592	602	843	876	874
592	603	602	877	878	876
592	593	603	846	879	877
593	604	603	880	881	879
593	594	604	849	882	880
594	605	604	883	884	882
594	595	605	852	885	883
595	606	605	886	887	885
595	596	606	855	888	886
596	607	606	889	890	888
596	597	607	858	891	889
597	608	607	892	893	891
597	598	608	861	894	892
598	609	608	895	896	894
598	53	609	863	897	895
53	54	609	65	898	897
221	599	222	866	899	233
599	610	222	900	901	899
599	600	610	869	902	900
600	611	610	903	904	902
600	601	611	872	905	903
601	612	611	906	907	905
601	602	612	875	908	906
602	613	612	909	910	908
602	603	613	878	911	909
603	614	613	912	913	911
603	604	614	881	914	912
604	615	614	915	916	914
604	605	615	884	917	915
605	616	615	918	919	917
605	606	616	887	920	918
606	617	616	921	922	920
606	607	617	890	923	921
607	618	617	924	925	923
607	608	618	893	926	924
608	619	618	927	928	926
608	609	619	896	929	927
609	620	619	930	931	929
609	54	620	898	932	930
54	55	620	66	933	932
222	610	223	901	934	234
610	621	223	935	936	934
610	611	621	904	937	935
611	622	621	938	939	937
611	612	622	907	940	938
612	623	622	941	942	940
612	613	623	910	943	941
613	624	623	944	945	943
613	614	624	913	946	944
614	625	624	947	948	946
614	615	625	916	949	947
615	626	625	950	951	949
615	616	626	919	952	950
616	627	626	953	954	952
616	617	627	922	955	953
617	628	627	956	957	955
617	618	628	925	958	956
618	629	628	959	960	958
618	619	629	928	961	959
619	630	629	962	963	961
619	620	630	931	964	962
620	631	630	965	966	964
620	55	631	933	967	965
55	56	631	67	968	967
223	621	224	936	969	235
621	632	224	970	971	969
621	622	632	939	972	970
622	633	632	973	974	972
622	623	633	942	975	973
623	634	633	976	977	975
623	624	634	945	978	976
624	635	634	979	980	978
624	625	635	948	981	979
625	636	635	982	983	981
625	626	636	951	984	982
626	637	636	985	986	984
626	627	637	954	987	985
627	638	637	988	989	987
627	628	638	957	990	988
628	639	638	991	992	990
628	629	639	960	993	991
629	640	639	994	995	993
629	630	640	963	996	994
630	641	640	997	998	996
630	631	641	966	999	997
631	642	641	1000	1001	999
631	56	642	968	1002	1000
56	57	642	68	1003	1002
224	632	225	971	1004	236
632	643	225	1005	1006	1004
632	633	643	974	1007	1005
633	644	643	1008	1009	1007
633	634	644	977	1010	1008
634	645	644	1011	1012	1010
634	635	645	980	1013	1011
635	646	645	1014	1015	1013
635	636	646	983	1016	1014
636	647	646	1017	1018	1016
636	637	647	986	1019	1017
637	648	647	1020	1021	1019
637	638	648	989	1022	1020
638	649	648	1023	1024	1022
638	639	649	992	1025	1023
639	650	649	1026	1027	1025
639	640	650	995	1028	1026
640	651	650	1029	1030	1028
640	641	651	998	1031	1029
641	652	651	1032	1033	1031
641	642	652	1001	1034	1032
642	653	652	1035	1036	1034
642	57	653	1003	1037	1035
57	58	653	69	1038	1037
225	643	3	1006	1039	237
643	202	3	1040	214	1039
643	644	202	1009	1041	1040
644	201	202	1042	213	1041
644	645	201	1012	1043	1042
645	200	201	1044	212	1043
645	646	200	1015	1045	1044
646	199	200	1046	211	1045
646	647	199	1018	1047	1046
647	198	199	1048	210	1047
647	648	198	1021	1049	1048
648	197	198	1050	209	1049
648	649	197	1024	1051	1050
649	196	197	1052	208	1051
649	650	196	1027	1053	1052
650	195	196	1054	207	1053
650	651	195	1030	1055	1054
651	194	195	1056	206	1055
651	652	194	1033	1057	1056
652	193	194	1058	205	1057
652	653	193	1036	1059	1058
653	192	193	1060	204	1059
653	58	192	1038	1061	1060
58	2	192	70	203	1061
2	1062	192	1073	1074	203
1062	2	71	1073	72	1075
71	179	1062	1076	1077	1075
179	71	17	1076	73	191
192	1063	193	1078	1079	204
1063	192	1062	1078	1074	1080
1062	178	1063	1081	1082	1080
178	1062	179	1081	1077	190
193	1064	194	1083	1084	205
1064	193	1063	1083	1079	1085
1063	177	1064	1086	1087	1085
177	1063	178	1086	1082	189
194	1065	195	1088	1089	206
1065	194	1064	1088	1084	1090
1064	176	1065	1091	1092	1090
176	1064	177	1091	1087	188
195	1066	196	1093	1094	207
1066	195	1065	1093	1089	1095
1065	175	1066	1096	1097	1095
175	1065	176	1096	1092	187
196	1067	197	1098	1099	208
1067	196	1066	1098	1094	1100
1066	174	1067	1101	1102	1100
174	1066	175	1101	1097	186
197	1068	198	1103	1104	209
1068	197	1067	1103	1099	1105
1067	173	1068	1106	1107	1105
173	1067	174	1106	1102	185
198	1069	199	1108	1109	210
1069	198	1068	1108	1104	1110
1068	172	1069	1111	1112	1110
172	1068	173	1111	1107	184
199	1070	200	1113	1114	211
1070	199	1069	1113	1109	1115
1069	171	1070	1116	1117	1115
171	1069	172	1116	1112	183
200	1071	201	1118	1119	212
1071	200	1070	1118	1114	1120
1070	170	1071	1121	1122	1120
170	1070	171	1121	1117	182
201	1072	202	1123	1124	213
1072	201	1071	1123	1119	1125
1071	169	1072	1126	1127	1125
169	1071	170	1126	1122	181
202	238	3	1128	239	214
238	202	1072	1128	1124	1129
1072	18	238	1130	240	1129
18	1072	169	1130	1127	180
18	169	241	180	1142	242
241	169	1131	1142	1143	1144
241	1131	6	1144	1145	243
6	1131	146	1145	1146	157
169	170	1131	181	1147	1143
1131	170	1132	1147	1148	1149
1131	1132	146	1149	1150	1146
146	1132	147	1150	1151	158
170	171	1132	182	1152	1148
1132	171	1133	1152	1153	1154
1132	1133	147	1154	1155	1151
147	1133	148	1155	1156	159
171	172	1133	183	1157	1153
1133	172	1134	1157	1158	1159
1133	1134	148	1159	1160	1156
148	1134	149	1160	1161	160
172	173	1134	184	1162	1158
1134	173	1135	1162	1163	1164
1134	1135	149	1164	1165	1161
149	1135	150	1165	1166	161
173	174	1135	185	1167	1163
1135	174	1136	1167	1168	1169
1135	1136	150	1169	1170	1166
150	1136	151	1170	1171	162
174	175	1136	186	1172	1168
1136	175	1137	1172	1173	1174
1136	1137	151	1174	1175	1171
151	1137	152	1175	1176	163
175	176	1137	187	1177	1173
1137	176	1138	1177	1178	1179
1137	1138	152	1179	1180	1176
152	1138	153	1180	1181	164
176	177	1138	188	1182	1178
1138	177	1139	1182	1183	1184
1138	1139	153	1184	1185	1181
153	1139	154	1185	1186	165
177	178	1139	189	1187	1183
1139	178	1140	1187	1188	1189
1139	1140	154	1189	1190	1186
154	1140	155	1190	1191	166
178	179	1140	190	1192	1188
1140	179	1141	1192	1193	1194
1140	1141	155	1194	1195	1191
155	1141	156	1195	1196	167
179	17	1141	191	1197	1193
1141	17	74	1197	75	1198
1141	74	156	1198	1199	1196
156	74	5	1199	76	168
7	123	1200	134	1321	1322
1200	110	7	1323	122	1322
110	1200	1201	1323	1324	1325
1201	109	110	1326	121	1325
109	1201	1202	1326	1327	1328
1202	108	109	1329	120	1328
108	1202	1203	1329	1330	1331
1203	107	108	1332	119	1331
107	1203	1204	1332	1333	1334
1204	106	107	1335	118	1334
106	1204	1205	1335	1336	1337
1205	105	106	1338	117	1337
105	1205	1206	1338	1339	1340
1206	104	105	1341	116	1340
104	1206	1207	1341	1342	1343
1207	103	104	1344	115	1343
103	1207	1208	1344	1345	1346
1208	102	103	1347	114	1346
102	1208	1209	1347	1348	1349
1209	101	102	1350	113	1349
101	1209	1210	1350	1351	1352
1210	100	101	1353	112	1352
100	1210	87	1353	1354	1355
87	8	100	99	111	1355
123	124	1211	135	1356	1357
1211	1200	123	1358	1321	1357
1200	1211	1212	1358	1359	1360
1212	1201	1200	1361	1324	1360
1201	1212	1213	1361	1362	1363
1213	1202	1201	1364	1327	1363
1202	1213	1214	1364	1365	1366
1214	1203	1202	1367	1330	1366
1203	1214	1215	1367	1368	1369
1215	1204	1203	1370	1333	1369
1204	1215	1216	1370	1371	1372
1216	1205	1204	1373	1336	1372
1205	1216	1217	1373	1374	1375
1217	1206	1205	1376	1339	1375
1206	1217	1218	1376	1377	1378
1218	1207	1206	1379	1342	1378
1207	1218	1219	1379	1380	1381
1219	1208	1207	1382	1345	1381
1208	1219	1220	1382	1383	1384
1220	1209	1208	1385	1348	1384
1209	1220	1221	1385	1386	1387
1221	1210	1209	1388	1351	1387
1210	1221	86	1388	1389	1390
86	87	1210	98	1354	1390
124	125	1222	136	1391	1392
1222	1211	124	1393	1356	1392
1211	1222	1223	1393	1394	1395
1223	1212	1211	1396	1359	1395
1212	1223	1224	1396	1397	1398
1224	1213	1212	1399	1362	1398
1213	1224	1225	1399	1400	1401
1225	1214	1213	1402	1365	1401
1214	1225	1226	1402	1403	1404
1226	1215	1214	1405	1368	1404
1215	1226	1227	1405	1406	1407
1227	1216	1215	1408	1371	1407
1216	1227	1228	1408	1409	1410
1228	1217	1216	1411	1374	1410
1217	1228	1229	1411	1412	1413
1229	1218	1217	1414	1377	1413
1218	1229	1230	1414	1415	1416
1230	1219	1218	1417	1380	1416
1219	1230	1231	1417	1418	1419
1231	1220	1219	1420	1383	1419
1220	1231	1232	1420	1421	1422
1232	1221	1220	1423	1386	1422
1221	1232	85	1423	1424	1425
85	86	1221	97	1389	1425
125	126	1233	137	1426	1427
1233	1222	125	1428	1391	1427
1222	1233	1234	1428	1429	1430
1234	1223	1222	1431	1394	1430
1223	1234	1235	1431	1432	1433
1235	1224	1223	1434	1397	1433
1224	1235	1236	1434	1435	1436
1236	1225	1224	1437	1400	1436
1225	1236	1237	1437	1438	1439
1237	1226	1225	1440	1403	1439
1226	1237	1238	1440	1441	1442
1238	1227	1226	1443	1406	1442
1227	1238	1239	1443	1444	1445
1239	1228	1227	1446	1409	1445
1228	1239	1240	1446	1447	1448
1240	1229	1228	1449	1412	1448
1229	1240	1241	1449	1450	1451
1241	1230	1229	1452	1415	1451
1230	1241	1242	1452	1453	1454
1242	1231	1230	1455	1418	1454
1231	1242	1243	1455	1456	1457
1243	1232	1231	1458	1421	1457
1232	1243	84	1458	1459	1460
84	85	1232	96	1424	1460
126	127	1244	138	1461	1462
1244	1233	126	1463	1426	1462
1233	1244	1245	1463	1464	1465
1245	1234	1233	1466	1429	1465
1234	1245	1246	1466	1467	1468
1246	1235	1234	1469	1432	1468
1235	1246	1247	1469	1470	1471
1247	1236	1235	1472	1435	1471
1236	1247	1248	1472	1473	1474
1248	1237	1236	1475	1438	1474
1237	1248	1249	1475	1476	1477
1249	1238	1237	1478	1441	1477
1238	1249	1250	1478	1479	1480
1250	1239	1238	1481	1444	1480
1239	1250	1251	1481	1482	1483
1251	1240	1239	1484	1447	1483
1240	1251	1252	1484	1485	1486
1252	1241	1240	1487	1450	1486
1241	1252	1253	1487	1488	1489
1253	1242	1241	1490	1453	1489
1242	1253	1254	1490	1491	1492
1254	1243	1242	1493	1456	1492
1243	1254	83	1493	1494	1495
83	84	1243	95	1459	1495
127	128	1255	139	1496	1497
1255	1244	127	1498	1461	1497
1244	1255	1256	1498	1499	1500
1256	1245	1244	1501	1464	1500
1245	1256	1257	1501	1502	1503
1257	1246	1245	1504	1467	1503
1246	1257	1258	1504	1505	1506
1258	1247	1246	1507	1470	1506
1247	1258	1259	1507	1508	1509
1259	1248	1247	1510	1473	1509
1248	1259	1260	1510	1511	1512
1260	1249	1248	1513	1476	1512
1249	1260	1261	1513	1514	1515
1261	1250	1249	1516	1479	1515
1250	1261	1262	1516	1517	1518
1262	1251	1250	1519	1482	1518
1251	1262	1263	1519	1520	1521
1263	1252	1251	1522	1485	1521
1252	1263	1264	1522	1523	1524
1264	1253	1252	1525	1488	1524
1253	1264	1265	1525	1526	1527
1265	1254	1253	1528	1491	1527
1254	1265	82	1528	1529	1530
82	83	1254	94	1494	1530
128	129	1266	140	1531	1532
1266	1255	128	1533	1496	1532
1255	1266	1267	1533	1534	1535
1267	1256	1255	1536	1499	1535
1256	1267	1268	1536	1537	1538
1268	1257	1256	1539	1502	1538
1257	1268	1269	1539	1540	1541
1269	1258	1257	1542	1505	1541
1258	1269	1270	1542	1543	1544
1270	1259	1258	1545	1508	1544
1259	1270	1271	1545	1546	1547
1271	1260	1259	1548	1511	1547
1260	1271	1272	1548	1549	1550
1272	1261	1260	1551	1514	1550
1261	1272	1273	1551	1552	1553
1273	1262	1261	1554	1517	1553
1262	1273	1274	1554	1555	1556
1274	1263	1262	1557	1520	1556
1263	1274	1275	1557	1558	1559
1275	1264	1263	1560	1523	1559
1264	1275	1276	1560	1561	1562
1276	1265	1264	1563	1526	1562
1265	1276	81	1563	1564	1565
81	82	1265	93	1529	1565
129	130	1277	141	1566	1567
1277	1266	129	1568	1531	1567
1266	1277	1278	1568	1569	1570
1278	1267	1266	1571	1534	1570
1267	1278	1279	1571	1572	1573
1279	1268	1267	1574	1537	1573
1268	1279	1280	1574	1575	1576
1280	1269	1268	1577	1540	1576
1269	1280	1281	1577	1578	1579
1281	1270	1269	1580	1543	1579
1270	1281	1282	1580	1581	1582
1282	1271	1270	1583	1546	1582
1271	1282	1283	1583	1584	1585
1283	1272	1271	1586	1549	1585
1272	1283	1284	1586	1587	1588
1284	1273	1272	1589	1552	1588
1273	1284	1285	1589	1590	1591
1285	1274	1273	1592	1555	1591
1274	1285	1286	1592	1593	1594
1286	1275	1274	1595	1558	1594
1275	1286	1287	1595	1596	1597
1287	1276	1275	1598	1561	1597
1276	1287	80	1598	1599	1600
80	81	1276	92	1564	1600
130	131	1288	142	1601	1602
1288	1277	130	1603	1566	1602
1277	1288	1289	1603	1604	1605
1289	1278	1277	1606	1569	1605
1278	1289	1290	1606	1607	1608
1290	1279	1278	1609	1572	1608
1279	1290	1291	1609	1610	1611
1291	1280	1279	1612	1575	1611
1280	1291	1292	1612	1613	1614
1292	1281	1280	1615	1578	1614
1281	1292	1293	1615	1616	1617
1293	1282	1281	1618	1581	1617
1282	1293	1294	1618	1619	1620
1294	1283	1282	1621	1584	1620
1283	1294	1295	1621	1622	1623
1295	1284	1283	1624	1587	1623
1284	1295	1296	1624	1625	1626
1296	1285	1284	1627	1590	1626
1285	1296	1297	1627	1628	1629
1297	1286	1285	1630	1593	1629
1286	1297	1298	1630	1631	1632
1298	1287	1286	1633	1596	1632
1287	1298	79	1633	1634	1635
79	80	1287	91	1599	1635
131	132	1299	143	1636	1637
1299	1288	131	1638	1601	1637
1288	1299	1300	1638	1639	1640
1300	1289	1288	1641	1604	1640
1289	1300	1301	1641	1642	1643
1301	1290	1289	1644	1607	1643
1290	1301	1302	1644	1645	1646
1302	1291	1290	1647	1610	1646
1291	1302	1303	1647	1648	1649
1303	1292	1291	1650	1613	1649
1292	1303	1304	1650	1651	1652
1304	1293	1292	1653	1616	1652
1293	1304	1305	1653	1654	1655
1305	1294	1293	1656	1619	1655
1294	1305	1306	1656	1657	1658
1306	1295	1294	1659	1622	1658
1295	1306	1307	1659	1660	1661
1307	1296	1295	1662	1625	1661
1296	1307	1308	1662	1663	1664
1308	1297	1296	1665	1628	1664
1297	1308	1309	1665	1666	1667
1309	1298	1297	1668	1631	1667
1298	1309	78	1668	1669	1670
78	79	1298	90	1634	1670
132	133	1310	144	1671	1672
1310	1299	132	1673	1636	1672
1299	1310	1311	1673	1674	1675
1311	1300	1299	1676	1639	1675
1300	1311	1312	1676	1677	1678
1312	1301	1300	1679	1642	1678
1301	1312	1313	1679	1680	1681
1313	1302	1301	1682	1645	1681
1302	1313	1314	1682	1683	1684
1314	1303	1302	1685	1648	1684
1303	1314	1315	1685	1686	1687
1315	1304	1303	1688	1651	1687
1304	1315	1316	1688	1689	1690
1316	1305	1304	1691	1654	1690
1305	1316	1317	1691	1692	1693
1317	1306	1305	1694	1657	1693
1306	1317	1318	1694	1695	1696
1318	1307	1306	1697	1660	1696
1307	1318	1319	1697	1698	1699
1319	1308	1307	1700	1663	1699
1308	1319	1320	1700	1701	1702
1320	1309	1308	1703	1666	1702
1309	1320	77	1703	1704	1705
77	78	1309	89	1669	1705
133	6	146	145	157	1706
146	1310	133	1707	1671	1706
1310	146	147	1707	158	1708
147	1311	1310	1709	1674	1708
1311	147	148	1709	159	1710
148	1312	1311	1711	1677	1710
1312	148	149	1711	160	1712
149	1313	1312	1713	1680	1712
1313	149	150	1713	161	1714
150	1314	1313	1715	1683	1714
1314	150	151	1715	162	1716
151	1315	1314	1717	1686	1716
1315	151	152	1717	163	1718
152	1316	1315	1719	1689	1718
1316	152	153	1719	164	1720
153	1317	1316	1721	1692	1720
1317	153	154	1721	165	1722
154	1318	1317	1723	1695	1722
1318	154	155	1723	166	1724
155	1319	1318	1725	1698	1724
1319	155	156	1725	167	1726
156	1320	1319	1727	1701	1726
1320	156	5	1727	168	1728
5	77	1320	88	1704	1728
19	250	266	251	1740	278
266	250	1729	1740	1741	1742
266	1729	265	1742	1743	277
265	1729	1730	1743	1744	1745
265	1730	264	1745	1746	276
264	1730	1731	1746	1747	1748
264	1731	263	1748	1749	275
263	1731	1732	1749	1750	1751
263	1732	262	1751	1752	274
262	1732	1733	1752	1753	1754
262	1733	261	1754	1755	273
261	1733	1734	1755	1756	1757
261	1734	260	1757	1758	272
260	1734	1735	1758	1759	1760
260	1735	259	1760	1761	271
259	1735	1736	1761	1762	1763
259	1736	258	1763	1764	270
258	1736	1737	1764	1765	1766
258	1737	257	1766	1767	269
257	1737	1738	1767	1768	1769
257	1738	256	1769	1770	268
256	1738	1739	1770	1771	1772
256	1739	20	1772	1773	267
20	1739	253	1773	1774	255
250	6	1729	252	1775	1741
1729	6	133	1775	145	1776
1729	133	1730	1776	1777	1744
1730	133	132	1777	144	1778
1730	132	1731	1778	1779	1747
1731	132	131	1779	143	1780
1731	131	1732	1780	1781	1750
1732	131	130	1781	142	1782
1732	130	1733	1782	1783	1753
1733	130	129	1783	141	1784
1733	129	1734	1784	1785	1756
1734	129	128	1785	140	1786
1734	128	1735	1786	1787	1759
1735	128	127	1787	139	1788
1735	127	1736	1788	1789	1762
1736	127	126	1789	138	1790
1736	126	1737	1790	1791	1765
1737	126	125	1791	137	1792
1737	125	1738	1792	1793	1768
1738	125	124	1793	136	1794
1738	124	1739	1794	1795	1771
1739	124	123	1795	135	1796
1739	123	253	1796	1797	1774
253	123	7	1797	134	254
10	247	279	248	1809	290
279	247	1798	1809	1810	1811
279	1798	280	1811	1812	291
280	1798	1799	1812	1813	1814
280	1799	281	1814	1815	292
281	1799	1800	1815	1816	1817
281	1800	282	1817	1818	293
282	1800	1801	1818	1819	1820
282	1801	283	1820	1821	294
283	1801	1802	1821	1822	1823
283	1802	284	1823	1824	295
284	1802	1803	1824	1825	1826
284	1803	285	1826	1827	296
285	1803	1804	1827	1828	1829
285	1804	286	1829	1830	297
286	1804	1805	1830	1831	1832
286	1805	287	1832	1833	298
287	1805	1806	1833	1834	1835
287	1806	288	1835	1836	299
288	1806	1807	1836	1837	1838
288	1807	289	1838	1839	300
289	1807	1808	1839	1840	1841
289	1808	9	1841	1842	301
9	1808	302	1842	1843	303
247	19	1798	249	1844	1810
1798	19	266	1844	278	1845
1798	266	1799	1845	1846	1813
1799	266	265	1846	277	1847
1799	265	1800	1847	1848	1816
1800	265	264	1848	276	1849
1800	264	1801	1849	1850	1819
1801	264	263	1850	275	1851
1801	263	1802	1851	1852	1822
1802	263	262	1852	274	1853
1802	262	1803	1853	1854	1825
1803	262	261	1854	273	1855
1803	261	1804	1855	1856	1828
1804	261	260	1856	272	1857
1804	260	1805	1857	1858	1831
1805	260	259	1858	271	1859
1805	259	1806	1859	1860	1834
1806	259	258	1860	270	1861
1806	258	1807	1861	1862	1837
1807	258	257	1862	269	1863
1807	257	1808	1863	1864	1840
1808	257	256	1864	268	1865
1808	256	302	1865	1866	1843
302	256	20	1866	267	304
11	351	338	362	1988	350
338	351	1867	1988	1989	1990
338	1867	337	1990	1991	349
337	1867	1868	1991	1992	1993
337	1868	336	1993	1994	348
336	1868	1869	1994	1995	1996
336	1869	335	1996	1997	347
335	1869	1870	1997	1998	1999
335	1870	334	1999	2000	346
334	1870	1871	2000	2001	2002
334	1871	333	2002	2003	345
333	1871	1872	2003	2004	2005
333	1872	332	2005	2006	344
332	1872	1873	2006	2007	2008
332	1873	331	2008	2009	343
331	1873	1874	2009	2010	2011
331	1874	330	2011	2012	342
330	1874	1875	2012	2013	2014
330	1875	329	2014	2015	341
329	1875	1876	2015	2016	2017
329	1876	328	2017	2018	340
328	1876	1877	2018	2019	2020
328	1877	12	2020	2021	339
12	1877	315	2021	2022	327
351	352	1867	363	2023	1989
1867	352	1878	2023	2024	2025
1867	1878	1868	2025	2026	1992
1868	1878	1879	2026	2027	2028
1868	1879	1869	2028	2029	1995
1869	1879	1880	2029	2030	2031
1869	1880	1870	2031	2032	1998
1870	1880	1881	2032	2033	2034
1870	1881	1871	2034	2035	2001
1871	1881	1882	2035	2036	2037
1871	1882	1872	2037	2038	2004
1872	1882	1883	2038	2039	2040
1872	1883	1873	2040	2041	2007
1873	1883	1884	2041	2042	2043
1873	1884	1874	2043	2044	2010
1874	1884	1885	2044	2045	2046
1874	1885	1875	2046	2047	2013
1875	1885	1886	2047	2048	2049
1875	1886	1876	2049	2050	2016
1876	1886	1887	2050	2051	2052
1876	1887	1877	2052	2053	2019
1877	1887	1888	2053	2054	2055
1877	1888	315	2055	2056	2022
315	1888	314	2056	2057	326
352	353	1878	364	2058	2024
1878	353	1889	2058	2059	2060
1878	1889	1879	2060	2061	2027
1879	1889	1890	2061	2062	2063
1879	1890	1880	2063	2064	2030
1880	1890	1891	2064	2065	2066
1880	1891	1881	2066	2067	2033
1881	1891	1892	2067	2068	2069
1881	1892	1882	2069	2070	2036
1882	1892	1893	2070	2071	2072
1882	1893	1883	2072	2073	2039
1883	1893	1894	2073	2074	2075
1883	1894	1884	2075	2076	2042
1884	1894	1895	2076	2077	2078
1884	1895	1885	2078	2079	2045
1885	1895	1896	2079	2080	2081
1885	1896	1886	2081	2082	2048
1886	1896	1897	2082	2083	2084
1886	1897	1887	2084	2085	2051
1887	1897	1898	2085	2086	2087
1887	1898	1888	2087	2088	2054
1888	1898	1899	2088	2089	2090
1888	1899	314	2090	2091	2057
314	1899	313	2091	2092	325
353	354	1889	365	2093	2059
1889	354	1900	2093	2094	2095
1889	1900	1890	2095	2096	2062
1890	1900	1901	2096	2097	2098
1890	1901	1891	2098	2099	2065
1891	1901	1902	2099	2100	2101
1891	1902	1892	2101	2102	2068
1892	1902	1903	2102	2103	2104
1892	1903	1893	2104	2105	2071
1893	1903	1904	2105	2106	2107
1893	1904	1894	2107	2108	2074
1894	1904	1905	2108	2109	2110
1894	1905	1895	2110	2111	2077
1895	1905	1906	2111	2112	2113
1895	1906	1896	2113	2114	2080
1896	1906	1907	2114	2115	2116
1896	1907	1897	2116	2117	2083
1897	1907	1908	2117	2118	2119
1897	1908	1898	2119	2120	2086
1898	1908	1909	2120	2121	2122
1898	1909	1899	2122	2123	2089
1899	1909	1910	2123	2124	2125
1899	1910	313	2125	2126	2092
313	1910	312	2126	2127	324
354	355	1900	366	2128	2094
1900	355	1911	2128	2129	2130
1900	1911	1901	2130	2131	2097
1901	1911	1912	2131	2132	2133
1901	1912	1902	2133	2134	2100
1902	1912	1913	2134	2135	2136
1902	1913	1903	2136	2137	2103
1903	1913	1914	2137	2138	2139
1903	1914	1904	2139	2140	2106
1904	1914	1915	2140	2141	2142
1904	1915	1905	2142	2143	2109
1905	1915	1916	2143	2144	2145
1905	1916	1906	2145	2146	2112
1906	1916	1917	2146	2147	2148
1906	1917	1907	2148	2149	2115
1907	1917	1918	2149	2150	2151
1907	1918	1908	2151	2152	2118
1908	1918	1919	2152	2153	2154
1908	1919	1909	2154	2155	2121
1909	1919	1920	2155	2156	2157
1909	1920	1910	2157	2158	2124
1910	1920	1921	2158	2159	2160
1910	1921	312	2160	2161	2127
312	1921	311	2161	2162	323
355	356	1911	367	2163	2129
1911	356	1922	2163	2164	2165
1911	1922	1912	2165	2166	2132
1912	1922	1923	2166	2167	2168
1912	1923	1913	2168	2169	2135
1913	1923	1924	2169	2170	2171
1913	1924	1914	2171	2172	2138
1914	1924	1925	2172	2173	2174
1914	1925	1915	2174	2175	2141
1915	1925	1926	2175	2176	2177
1915	1926	1916	2177	2178	2144
1916	1926	1927	2178	2179	2180
1916	1927	1917	2180	2181	2147
1917	1927	1928	2181	2182	2183
1917	1928	1918	2183	2184	2150
1918	1928	1929	2184	2185	2186
1918	1929	1919	2186	2187	2153
1919	1929	1930	2187	2188	2189
1919	1930	1920	2189	2190	2156
1920	1930	1931	2190	2191	2192
1920	1931	1921	2192	2193	2159
1921	1931	1932	2193	2194	2195
1921	1932	311	2195	2196	2162
311	1932	310	2196	2197	322
356	357	1922	368	2198	2164
1922	357	1933	2198	2199	2200
1922	1933	1923	2200	2201	2167
1923	1933	1934	2201	2202	2203
1923	1934	1924	2203	2204	2170
1924	1934	1935	2204	2205	2206
1924	1935	1925	2206	2207	2173
1925	1935	1936	2207	2208	2209
1925	1936	1926	2209	2210	2176
1926	1936	1937	2210	2211	2212
1926	1937	1927	2212	2213	2179
1927	1937	1938	2213	2214	2215
1927	1938	1928	2215	2216	2182
1928	1938	1939	2216	2217	2218
1928	1939	1929	2218	2219	2185
1929	1939	1940	2219	2220	2221
1929	1940	1930	2221	2222	2188
1930	1940	1941	2222	2223	2224
1930	1941	1931	2224	2225	2191
1931	1941	1942	2225	2226	2227
1931	1942	1932	2227	2228	2194
1932	1942	1943	2228	2229	2230
1932	1943	310	2230	2231	2197
310	1943	309	2231	2232	321
357	358	1933	369	2233	2199
1933	358	1944	2233	2234	2235
1933	1944	1934	2235	2236	2202
1934	1944	1945	2236	2237	2238
1934	1945	1935	2238	2239	2205
1935	1945	1946	2239	2240	2241
1935	1946	1936	2241	2242	2208
1936	1946	1947	2242	2243	2244
1936	1947	1937	2244	2245	2211
1937	1947	1948	2245	2246	2247
1937	1948	1938	2247	2248	2214
1938	1948	1949	2248	2249	2250
1938	1949	1939	2250	2251	2217
1939	1949	1950	2251	2252	2253
1939	1950	1940	2253	2254	2220
1940	1950	1951	2254	2255	2256
1940	1951	1941	2256	2257	2223
1941	1951	1952	2257	2258	2259
1941	1952	1942	2259	2260	2226
1942	1952	1953	2260	2261	2262
1942	1953	1943	2262	2263	2229
1943	1953	1954	2263	2264	2265
1943	1954	309	2265	2266	2232
309	1954	308	2266	2267	320
358	359	1944	370	2268	2234
1944	359	1955	2268	2269	2270
1944	1955	1945	2270	2271	2237
1945	1955	1956	2271	2272	2273
1945	1956	1946	2273	2274	2240
1946	1956	1957	2274	2275	2276
1946	1957	1947	2276	2277	2243
1947	1957	1958	2277	2278	2279
1947	1958	1948	2279	2280	2246
1948	1958	1959	2280	2281	2282
1948	1959	1949	2282	2283	2249
1949	1959	1960	2283	2284	2285
1949	1960	1950	2285	2286	2252
1950	1960	1961	2286	2287	2288
1950	1961	1951	2288	2289	2255
1951	1961	1962	2289	2290	2291
1951	1962	1952	2291	2292	2258
1952	1962	1963	2292	2293	2294
1952	1963	1953	2294	2295	2261
1953	1963	1964	2295	2296	2297
1953	1964	1954	2297	2298	2264
1954	1964	1965	2298	2299	2300
1954	1965	308	2300	2301	2267
308	1965	307	2301	2302	319
359	360	1955	371	2303	2269
1955	360	1966	2303	2304	2305
1955	1966	1956	2305	2306	2272
1956	1966	1967	2306	2307	2308
1956	1967	1957	2308	2309	2275
1957	1967	1968	2309	2310	2311
1957	1968	1958	2311	2312	2278
1958	1968	1969	2312	2313	2314
1958	1969	1959	2314	2315	2281
1959	1969	1970	2315	2316	2317
1959	1970	1960	2317	2318	2284
1960	1970	1971	2318	2319	2320
1960	1971	1961	2320	2321	2287
1961	1971	1972	2321	2322	2323
1961	1972	1962	2323	2324	2290
1962	1972	1973	2324	2325	2326
1962	1973	1963	2326	2327	2293
1963	1973	1974	2327	2328	2329
1963	1974	1964	2329	2330	2296
1964	1974	1975	2330	2331	2332
1964	1975	1965	2332	2333	2299
1965	1975	1976	2333	2334	2335
1965	1976	307	2335	2336	2302
307	1976	306	2336	2337	318
360	361	1966	372	2338	2304
1966	361	1977	2338	2339	2340
1966	1977	1967	2340	2341	2307
1967	1977	1978	2341	2342	2343
1967	1978	1968	2343	2344	2310
1968	1978	1979	2344	2345	2346
1968	1979	1969	2346	2347	2313
1969	1979	1980	2347	2348	2349
1969	1980	1970	2349	2350	2316
1970	1980	1981	2350	2351	2352
1970	1981	1971	2352	2353	2319
1971	1981	1982	2353	2354	2355
1971	1982	1972	2355	2356	2322
1972	1982	1983	2356	2357	2358
1972	1983	1973	2358	2359	2325
1973	1983	1984	2359	2360	2361
1973	1984	1974	2361	2362	2328
1974	1984	1985	2362	2363	2364
1974	1985	1975	2364	2365	2331
1975	1985	1986	2365	2366	2367
1975	1986	1976	2367	2368	2334
1976	1986	1987	2368	2369	2370
1976	1987	306	2370	2371	2337
306	1987	305	2371	2372	317
361	10	1977	373	2373	2339
1977	10	279	2373	290	2374
1977	279	1978	2374	2375	2342
1978	279	280	2375	291	2376
1978	280	1979	2376	2377	2345
1979	280	281	2377	292	2378
1979	281	1980	2378	2379	2348
1980	281	282	2379	293	2380
1980	282	1981	2380	2381	2351
1981	282	283	2381	294	2382
1981	283	1982	2382	2383	2354
1982	283	284	2383	295	2384
1982	284	1983	2384	2385	2357
1983	284	285	2385	296	2386
1983	285	1984	2386	2387	2360
1984	285	286	2387	297	2388
1984	286	1985	2388	2389	2363
1985	286	287	2389	298	2390
1985	287	1986	2390	2391	2366
1986	287	288	2391	299	2392
1986	288	1987	2392	2393	2369
1987	288	289	2393	300	2394
1987	289	305	2394	2395	2372
305	289	9	2395	301	316
11	2396	351	2407	2408	362
2396	11	400	2407	402	2409
400	377	2396	2410	2411	2409
377	400	22	2410	401	388
351	2397	352	2412	2413	363
2397	351	2396	2412	2408	2414
2396	378	2397	2415	2416	2414
378	2396	377	2415	2411	389
352	2398	353	2417	2418	364
2398	352	2397	2417	2413	2419
2397	379	2398	2420	2421	2419
379	2397	378	2420	2416	390
353	2399	354	2422	2423	365
2399	353	2398	2422	2418	2424
2398	380	2399	2425	2426	2424
380	2398	379	2425	2421	391
354	2400	355	2427	2428	366
2400	354	2399	2427	2423	2429
2399	381	2400	2430	2431	2429
381	2399	380	2430	2426	392
355	2401	356	2432	2433	367
2401	355	2400	2432	2428	2434
2400	382	2401	2435	2436	2434
382	2400	381	2435	2431	393
356	2402	357	2437	2438	368
2402	356	2401	2437	2433	2439
2401	383	2402	2440	2441	2439
383	2401	382	2440	2436	394
357	2403	358	2442	2443	369
2403	357	2402	2442	2438	2444
2402	384	2403	2445	2446	2444
384	2402	383	2445	2441	395
358	2404	359	2447	2448	370
2404	358	2403	2447	2443	2449
2403	385	2404	2450	2451	2449
385	2403	384	2450	2446	396
359	2405	360	2452	2453	371
2405	359	2404	2452	2448	2454
2404	386	2405	2455	2456	2454
386	2404	385	2455	2451	397
360	2406	361	2457	2458	372
2406	360	2405	2457	2453	2459
2405	387	2406	2460	2461	2459
387	2405	386	2460	2456	398
361	374	10	2462	375	373
374	361	2406	2462	2458	2463
2406	21	374	2464	376	2463
21	2406	387	2464	2461	399
15	244	2465	245	2476	2477
2465	452	15	2478	463	2477
452	2465	2466	2478	2479	2480
2466	453	452	2481	464	2480
453	2466	2467	2481	2482	2483
2467	454	453	2484	465	2483
454	2467	2468	2484	2485	2486
2468	455	454	2487	466	2486
455	2468	2469	2487	2488	2489
2469	456	455	2490	467	2489
456	2469	2470	2490	2491	2492
2470	457	456	2493	468	2492
457	2470	2471	2493	2494	2495
2471	458	457	2496	469	2495
458	2471	2472	2496	2497	2498
2472	459	458	2499	470	2498
459	2472	2473	2499	2500	2501
2473	460	459	2502	471	2501
460	2473	2474	2502	2503	2504
2474	461	460	2505	472	2504
461	2474	2475	2505	2506	2507
2475	462	461	2508	473	2507
462	2475	403	2508	2509	2510
403	16	462	404	474	2510
244	21	387	246	399	2511
387	2465	244	2512	2476	2511
2465	387	386	2512	398	2513
386	2466	2465	2514	2479	2513
2466	386	385	2514	397	2515
385	2467	2466	2516	2482	2515
2467	385	384	2516	396	2517
384	2468	2467	2518	2485	2517
2468	384	383	2518	395	2519
383	2469	2468	2520	2488	2519
2469	383	382	2520	394	2521
382	2470	2469	2522	2491	2521
2470	382	381	2522	393	2523
381	2471	2470	2524	2494	2523
2471	381	380	2524	392	2525
380	2472	2471	2526	2497	2525
2472	380	379	2526	391	2527
379	2473	2472	2528	2500	2527
2473	379	378	2528	390	2529
378	2474	2473	2530	2503	2529
2474	378	377	2530	389	2531
377	2475	2474	2532	2506	2531
2475	377	22	2532	388	2533
22	403	2475	405	2509	2533
14	429	2534	440	2655	2656
2534	416	14	2657	428	2656
416	2534	2535	2657	2658	2659
2535	415	416	2660	427	2659
415	2535	2536	2660	2661	2662
2536	414	415	2663	426	2662
414	2536	2537	2663	2664	2665
2537	413	414	2666	425	2665
413	2537	2538	2666	2667	2668
2538	412	413	2669	424	2668
412	2538	2539	2669	2670	2671
2539	411	412	2672	423	2671
411	2539	2540	2672	2673	2674
2540	410	411	2675	422	2674
410	2540	2541	2675	2676	2677
2541	409	410	2678	421	2677
409	2541	2542	2678	2679	2680
2542	408	409	2681	420	2680
408	2542	2543	2681	2682	2683
2543	407	408	2684	419	2683
407	2543	2544	2684	2685	2686
2544	406	407	2687	418	2686
406	2544	485	2687	2688	2689
485	13	406	497	417	2689
429	430	2545	441	2690	2691
2545	2534	429	2692	2655	2691
2534	2545	2546	2692	2693	2694
2546	2535	2534	2695	2658	2694
2535	2546	2547	2695	2696	2697
2547	2536	2535	2698	2661	2697
2536	2547	2548	2698	2699	2700
2548	2537	2536	2701	2664	2700
2537	2548	2549	2701	2702	2703
2549	2538	2537	2704	2667	2703
2538	2549	2550	2704	2705	2706
2550	2539	2538	2707	2670	2706
2539	2550	2551	2707	2708	2709
2551	2540	2539	2710	2673	2709
2540	2551	2552	2710	2711	2712
2552	2541	2540	2713	2676	2712
2541	2552	2553	2713	2714	2715
2553	2542	2541	2716	2679	2715
2542	2553	2554	2716	2717	2718
2554	2543	2542	2719	2682	2718
2543	2554	2555	2719	2720	2721
2555	2544	2543	2722	2685	2721
2544	2555	484	2722	2723	2724
484	485	2544	496	2688	2724
430	431	2556	442	2725	2726
2556	2545	430	2727	2690	2726
2545	2556	2557	2727	2728	2729
2557	2546	2545	2730	2693	2729
2546	2557	2558	2730	2731	2732
2558	2547	2546	2733	2696	2732
2547	2558	2559	2733	2734	2735
2559	2548	2547	2736	2699	2735
2548	2559	2560	2736	2737	2738
2560	2549	2548	2739	2702	2738
2549	2560	2561	2739	2740	2741
2561	2550	2549	2742	2705	2741
2550	2561	2562	2742	2743	2744
2562	2551	2550	2745	2708	2744
2551	2562	2563	2745	2746	2747
2563	2552	2551	2748	2711	2747
2552	2563	2564	2748	2749	2750
2564	2553	2552	2751	2714	2750
2553	2564	2565	2751	2752	2753
2565	2554	2553	2754	2717	2753
2554	2565	2566	2754	2755	2756
2566	2555	2554	2757	2720	2756
2555	2566	483	2757	2758	2759
483	484	2555	495	2723	2759
431	432	2567	443	2760	2761
2567	2556	431	2762	2725	2761
2556	2567	2568	2762	2763	2764
2568	2557	2556	2765	2728	2764
2557	2568	2569	2765	2766	2767
2569	2558	2557	2768	2731	2767
2558	2569	2570	2768	2769	2770
2570	2559	2558	2771	2734	2770
2559	2570	2571	2771	2772	2773
2571	2560	2559	2774	2737	2773
2560	2571	2572	2774	2775	2776
2572	2561	2560	2777	2740	2776
2561	2572	2573	2777	2778	2779
2573	2562	2561	2780	2743	2779
2562	2573	2574	2780	2781	2782
2574	2563	2562	2783	2746	2782
2563	2574	2575	2783	2784	2785
2575	2564	2563	2786	2749	2785
2564	2575	2576	2786	2787	2788
2576	2565	2564	2789	2752	2788
2565	2576	2577	2789	2790	2791
2577	2566	2565	2792	2755	2791
2566	2577	482	2792	2793	2794
482	483	2566	494	2758	2794
432	433	2578	444	2795	2796
2578	2567	432	2797	2760	2796
2567	2578	2579	2797	2798	2799
2579	2568	2567	2800	2763	2799
2568	2579	2580	2800	2801	2802
2580	2569	2568	2803	2766	2802
2569	2580	2581	2803	2804	2805
2581	2570	2569	2806	2769	2805
2570	2581	2582	2806	2807	2808
2582	2571	2570	2809	2772	2808
2571	2582	2583	2809	2810	2811
2583	2572	2571	2812	2775	2811
2572	2583	2584	2812	2813	2814
2584	2573	2572	2815	2778	2814
2573	2584	2585	2815	2816	2817
2585	2574	2573	2818	2781	2817
2574	2585	2586	2818	2819	2820
2586	2575	2574	2821	2784	2820
2575	2586	2587	2821	2822	2823
2587	2576	2575	2824	2787	2823
2576	2587	2588	2824	2825	2826
2588	2577	2576	2827	2790	2826
2577	2588	481	2827	2828	2829
481	482	2577	493	2793	2829
433	434	2589	445	2830	2831
2589	2578	433	2832	2795	2831
2578	2589	2590	2832	2833	2834
2590	2579	2578	2835	2798	2834
2579	2590	2591	2835	2836	2837
2591	2580	2579	2838	2801	2837
2580	2591	2592	2838	2839	2840
2592	2581	2580	2841	2804	2840
2581	2592	2593	2841	2842	2843
2593	2582	2581	2844	2807	2843
2582	2593	2594	2844	2845	2846
2594	2583	2582	2847	2810	2846
2583	2594	2595	2847	2848	2849
2595	2584	2583	2850	2813	2849
2584	2595	2596	2850	2851	2852
2596	2585	2584	2853	2816	2852
2585	2596	2597	2853	2854	2855
2597	2586	2585	2856	2819	2855
2586	2597	2598	2856	2857	2858
2598	2587	2586	2859	2822	2858
2587	2598	2599	2859	2860	2861
2599	2588	2587	2862	2825	2861
2588	2599	480	2862	2863	2864
480	481	2588	492	2828	2864
434	435	2600	446	2865	2866
2600	2589	434	2867	2830	2866
2589	2600	2601	2867	2868	2869
2601	2590	2589	2870	2833	2869
2590	2601	2602	2870	2871	2872
2602	2591	2590	2873	2836	2872
2591	2602	2603	2873	2874	2875
2603	2592	2591	2876	2839	2875
2592	2603	2604	2876	2877	2878
2604	2593	2592	2879	2842	2878
2593	2604	2605	2879	2880	2881
2605	2594	2593	2882	2845	2881
2594	2605	2606	2882	2883	2884
2606	2595	2594	2885	2848	2884
2595	2606	2607	2885	2886	2887
2607	2596	2595	2888	2851	2887
2596	2607	2608	2888	2889	2890
2608	2597	2596	2891	2854	2890
2597	2608	2609	2891	2892	2893
2609	2598	2597	2894	2857	2893
2598	2609	2610	2894	2895	2896
2610	2599	2598	2897	2860	2896
2599	2610	479	2897	2898	2899
479	480	2599	491	2863	2899
435	436	2611	447	2900	2901
2611	2600	435	2902	2865	2901
2600	2611	2612	2902	2903	2904
2612	2601	2600	2905	2868	2904
2601	2612	2613	2905	2906	2907
2613	2602	2601	2908	2871	2907
2602	2613	2614	2908	2909	2910
2614	2603	2602	2911	2874	2910
2603	2614	2615	2911	2912	2913
2615	2604	2603	2914	2877	2913
2604	2615	2616	2914	2915	2916
2616	2605	2604	2917	2880	2916
2605	2616	2617	2917	2918	2919
2617	2606	2605	2920	2883	2919
2606	2617	2618	2920	2921	2922
2618	2607	2606	2923	2886	2922
2607	2618	2619	2923	2924	2925
2619	2608	2607	2926	2889	2925
2608	2619	2620	2926	2927	2928
2620	2609	2608	2929	2892	2928
2609	2620	2621	2929	2930	2931
2621	2610	2609	2932	2895	2931
2610	2621	478	2932	2933	2934
478	479	2610	490	2898	2934
436	437	2622	448	2935	2936
2622	2611	436	2937	2900	2936
2611	2622	2623	2937	2938	2939
2623	2612	2611	2940	2903	2939
2612	2623	2624	2940	2941	2942
2624	2613	2612	2943	2906	2942
2613	2624	2625	2943	2944	2945
2625	2614	2613	2946	2909	2945
2614	2625	2626	2946	2947	2948
2626	2615	2614	2949	2912	2948
2615	2626	2627	2949	2950	2951
2627	2616	2615	2952	2915	2951
2616	2627	2628	2952	2953	2954
2628	2617	2616	2955	2918	2954
2617	2628	2629	2955	2956	2957
2629	2618	2617	2958	2921	2957
2618	2629	2630	2958	2959	2960
2630	2619	2618	2961	2924	2960
2619	2630	2631	2961	2962	2963
2631	2620	2619	2964	2927	2963
2620	2631	2632	2964	2965	2966
2632	2621	2620	2967	2930	2966
2621	2632	477	2967	2968	2969
477	478	2621	489	2933	2969
437	438	2633	449	2970	2971
2633	2622	437	2972	2935	2971
2622	2633	2634	2972	2973	2974
2634	2623	2622	2975	2938	2974
2623	2634	2635	2975	2976	2977
2635	2624	2623	2978	2941	2977
2624	2635	2636	2978	2979	2980
2636	2625	2624	2981	2944	2980
2625	2636	2637	2981	2982	2983
2637	2626	2625	2984	2947	2983
2626	2637	2638	2984	2985	2986
2638	2627	2626	2987	2950	2986
2627	2638	2639	2987	2988	2989
2639	2628	2627	2990	2953	2989
2628	2639	2640	2990	2991	2992
2640	2629	2628	2993	2956	2992
2629	2640	2641	2993	2994	2995
2641	2630	2629	2996	2959	2995
2630	2641	2642	2996	2997	2998
2642	2631	2630	2999	2962	2998
2631	2642	2643	2999	3000	3001
2643	2632	2631	3002	2965	3001
2632	2643	476	3002	3003	3004
476	477	2632	488	2968	3004
438	439	2644	450	3005	3006
2644	2633	438	3007	2970	3006
2633	2644	2645	3007	3008	3009
2645	2634	2633	3010	2973	3009
2634	2645	2646	3010	3011	3012
2646	2635	2634	3013	2976	3012
2635	2646	2647	3013	3014	3015
2647	2636	2635	3016	2979	3015
2636	2647	2648	3016	3017	3018
2648	2637	2636	3019	2982	3018
2637	2648	2649	3019	3020	3021
2649	2638	2637	3022	2985	3021
2638	2649	2650	3022	3023	3024
2650	2639	2638	3025	2988	3024
2639	2650	2651	3025	3026	3027
2651	2640	2639	3028	2991	3027
2640	2651	2652	3028	3029	3030
2652	2641	2640	3031	2994	3030
2641	2652	2653	3031	3032	3033
2653	2642	2641	3034	2997	3033
2642	2653	2654	3034	3035	3036
2654	2643	2642	3037	3000	3036
2643	2654	475	3037	3038	3039
475	476	2643	487	3003	3039
439	15	452	451	463	3040
452	2644	439	3041	3005	3040
2644	452	453	3041	464	3042
453	2645	2644	3043	3008	3042
2645	453	454	3043	465	3044
454	2646	2645	3045	3011	3044
2646	454	455	3045	466	3046
455	2647	2646	3047	3014	3046
2647	455	456	3047	467	3048
456	2648	2647	3049	3017	3048
2648	456	457	3049	468	3050
457	2649	2648	3051	3020	3050
2649	457	458	3051	469	3052
458	2650	2649	3053	3023	3052
2650	458	459	3053	470	3054
459	2651	2650	3055	3026	3054
2651	459	460	3055	471	3056
460	2652	2651	3057	3029	3056
2652	460	461	3057	472	3058
461	2653	2652	3059	3032	3058
2653	461	462	3059	473	3060
462	2654	2653	3061	3035	3060
2654	462	16	3061	474	3062
16	475	2654	486	3038	3062
14	498	429	499	3074	440
429	498	3063	3074	3075	3076
429	3063	430	3076	3077	441
430	3063	3064	3077	3078	3079
430	3064	431	3079	3080	442
431	3064	3065	3080	3081	3082
431	3065	432	3082	3083	443
432	3065	3066	3083	3084	3085
432	3066	433	3085	3086	444
433	3066	3067	3086	3087	3088
433	3067	434	3088	3089	445
434	3067	3068	3089	3090	3091
434	3068	435	3091	3092	446
435	3068	3069	3092	3093	3094
435	3069	436	3094	3095	447
436	3069	3070	3095	3096	3097
436	3070	437	3097	3098	448
437	3070	3071	3098	3099	3100
437	3071	438	3100	3101	449
438	3071	3072	3101	3102	3103
438	3072	439	3103	3104	450
439	3072	3073	3104	3105	3106
439	3073	15	3106	3107	451
15	3073	530	3107	3108	532
498	23	3063	500	3109	3075
3063	23	517	3109	529	3110
3063	517	3064	3110	3111	3078
3064	517	516	3111	528	3112
3064	516	3065	3112	3113	3081
3065	516	515	3113	527	3114
3065	515	3066	3114	3115	3084
3066	515	514	3115	526	3116
3066	514	3067	3116	3117	3087
3067	514	513	3117	525	3118
3067	513	3068	3118	3119	3090
3068	513	512	3119	524	3120
3068	512	3069	3120	3121	3093
3069	512	511	3121	523	3122
3069	511	3070	3122	3123	3096
3070	511	510	3123	522	3124
3070	510	3071	3124	3125	3099
3071	510	509	3125	521	3126
3071	509	3072	3126	3127	3102
3072	509	508	3127	520	3128
3072	508	3073	3128	3129	3105
3073	508	507	3129	519	3130
3073	507	530	3130	3131	3108
530	507	24	3131	518	531
24	507	3132	518	3143	3144
3132	504	24	3145	506	3144
504	3132	225	3145	3146	3147
225	3	504	237	505	3147
507	508	3133	519	3148	3149
3133	3132	507	3150	3143	3149
3132	3133	224	3150	3151	3152
224	225	3132	236	3146	3152
508	509	3134	520	3153	3154
3134	3133	508	3155	3148	3154
3133	3134	223	3155	3156	3157
223	224	3133	235	3151	3157
509	510	3135	521	3158	3159
3135	3134	509	3160	3153	3159
3134	3135	222	3160	3161	3162
222	223	3134	234	3156	3162
510	511	3136	522	3163	3164
3136	3135	510	3165	3158	3164
3135	3136	221	3165	3166	3167
221	222	3135	233	3161	3167
511	512	3137	523	3168	3169
3137	3136	511	3170	3163	3169
3136	3137	220	3170	3171	3172
220	221	3136	232	3166	3172
512	513	3138	524	3173	3174
3138	3137	512	3175	3168	3174
3137	3138	219	3175	3176	3177
219	220	3137	231	3171	3177
513	514	3139	525	3178	3179
3139	3138	513	3180	3173	3179
3138	3139	218	3180	3181	3182
218	219	3138	230	3176	3182
514	515	3140	526	3183	3184
3140	3139	514	3185	3178	3184
3139	3140	217	3185	3186	3187
217	218	3139	229	3181	3187
515	516	3141	527	3188	3189
3141	3140	515	3190	3183	3189
3140	3141	216	3190	3191	3192
216	217	3140	228	3186	3192
516	517	3142	528	3193	3194
3142	3141	516	3195	3188	3194
3141	3142	215	3195	3196	3197
215	216	3141	227	3191	3197
517	23	501	529	502	3198
501	3142	517	3199	3193	3198
3142	501	4	3199	503	3200
4	215	3142	226	3196	3200

--------------------------------------------------------------------------------
NUMBER OF BOUNDARY TYPES        TOTAL NUMBER OF ELEMENTS
--------------------------------------------------------------------------------
2                               128

--------------------------------------------------------------------------------
BOUNDARY 2        CONSTRAINS (0-free 1-const 2-glue)  VALUES (default = 0.)
NUMB. OF ELEM.    Ux     Uy     Uz                    Ux     Uy     Uz  
--------------------------------------------------------------------------------
16                 1      1      0                     0.     0.     0.

--------------------------------------------------------------------------------
BOUNDARY 2 - CONNECTIVITY
--------------------------------------------------------------------------------
3	238	239
238	18	240
18	241	242
241	6	243
15	244	245
244	21	246
10	247	248
247	19	249
19	250	251
250	6	252
10	374	375
374	21	376
3	504	505
504	24	506
24	530	531
530	15	532

--------------------------------------------------------------------------------
BOUNDARY 3        CONSTRAINS (0-free 1-const 2-glue)  VALUES (default = 0.)
NUMB. OF ELEM.    Ux     Uy     Uz                    Ux     Uy     Uz  
--------------------------------------------------------------------------------
112               0      0      0                     0.     0.     0.

--------------------------------------------------------------------------------
BOUNDARY 3 - CONNECTIVITY
--------------------------------------------------------------------------------
12	328	339
328	329	340
329	330	341
330	331	342
331	332	343
332	333	344
333	334	345
334	335	346
335	336	347
336	337	348
337	338	349
338	11	350
22	400	401
400	11	402
16	403	404
403	22	405
16	475	486
475	476	487
476	477	488
477	478	489
478	479	490
479	480	491
480	481	492
481	482	493
482	483	494
483	484	495
484	485	496
485	13	497
4	25	36
25	26	37
26	27	38
27	28	39
28	29	40
29	30	41
30	31	42
31	32	43
32	33	44
33	34	45
34	35	46
35	1	47
8	100	111
100	101	112
101	102	113
102	103	114
103	104	115
104	105	116
105	106	117
106	107	118
107	108	119
108	109	120
109	110	121
110	7	122
7	253	254
253	20	255
9	302	303
302	20	304
9	305	316
305	306	317
306	307	318
307	308	319
308	309	320
309	310	321
310	311	322
311	312	323
312	313	324
313	314	325
314	315	326
315	12	327
13	406	417
406	407	418
407	408	419
408	409	420
409	410	421
410	411	422
411	412	423
412	413	424
413	414	425
414	415	426
415	416	427
416	14	428
14	498	499
498	23	500
23	501	502
501	4	503
1	48	59
48	49	60
49	50	61
50	51	62
51	52	63
52	53	64
53	54	65
54	55	66
55	56	67
56	57	68
57	58	69
58	2	70
2	71	72
71	17	73
17	74	75
74	5	76
5	77	88
77	78	89
78	79	90
79	80	91
80	81	92
81	82	93
82	83	94
83	84	95
84	85	96
85	86	97
86	87	98
87	8	99


