--------------------------------------------------------------------------------
ELEMENTS        NODES        TIME STEPS     PRINTING FREQ
--------------------------------------------------------------------------------
1248            2704         100000         1

--------------------------------------------------------------------------------
UNDISTURBED VELOCITY AND PRESSURE
Ux      Uy      Uz      P
--------------------------------------------------------------------------------
0.0     0.0     0.0     0.0

--------------------------------------------------------------------------------
DENSITY      TEMPERATURE      VISCOSITY      THERMAL CONDITIVITY
--------------------------------------------------------------------------------
1.E0         300              0.01           0.0

--------------------------------------------------------------------------------
TIME STEP       TIME INTEGRATION SCHEME (1- Implicit Euler, 2- Adams-Bashforth)
--------------------------------------------------------------------------------
0.10            0.5

--------------------------------------------------------------------------------
EXTERNAL FIELD FORCES CONSTANTS
Gx       Gy       Gz
--------------------------------------------------------------------------------
0.0      0.0      0.0

--------------------------------------------------------------------------------
NODAL COORDINATES
--------------------------------------------------------------------------------
0.000000	0.000000
0.187500	0.000000
0.187500	0.187500
0.000000	0.187500
0.812500	0.000000
0.812500	0.187500
1.000000	0.187500
1.000000	0.000000
1.000000	0.812500
0.812500	0.812500
0.812500	1.000000
1.000000	1.000000
0.000000	1.000000
0.000000	0.812500
0.187500	0.812500
0.187500	1.000000
0.031250	0.000000
0.062500	0.000000
0.093750	0.000000
0.125000	0.000000
0.156250	0.000000
0.015625	0.000000
0.046875	0.000000
0.078125	0.000000
0.109375	0.000000
0.140625	0.000000
0.171875	0.000000
0.187500	0.031250
0.187500	0.062500
0.187500	0.093750
0.187500	0.125000
0.187500	0.156250
0.187500	0.015625
0.187500	0.046875
0.187500	0.078125
0.187500	0.109375
0.187500	0.140625
0.187500	0.171875
0.156250	0.187500
0.125000	0.187500
0.093750	0.187500
0.062500	0.187500
0.031250	0.187500
0.171875	0.187500
0.140625	0.187500
0.109375	0.187500
0.078125	0.187500
0.046875	0.187500
0.015625	0.187500
0.000000	0.156250
0.000000	0.125000
0.000000	0.093750
0.000000	0.062500
0.000000	0.031250
0.000000	0.171875
0.000000	0.140625
0.000000	0.109375
0.000000	0.078125
0.000000	0.046875
0.000000	0.015625
0.218750	0.000000
0.250000	0.000000
0.281250	0.000000
0.312500	0.000000
0.343750	0.000000
0.375000	0.000000
0.406250	0.000000
0.437500	0.000000
0.468750	0.000000
0.500000	0.000000
0.531250	0.000000
0.562500	0.000000
0.593750	0.000000
0.625000	0.000000
0.656250	0.000000
0.687500	0.000000
0.718750	0.000000
0.750000	0.000000
0.781250	0.000000
0.203125	0.000000
0.234375	0.000000
0.265625	0.000000
0.296875	0.000000
0.328125	0.000000
0.359375	0.000000
0.390625	0.000000
0.421875	0.000000
0.453125	0.000000
0.484375	0.000000
0.515625	0.000000
0.546875	0.000000
0.578125	0.000000
0.609375	0.000000
0.640625	0.000000
0.671875	0.000000
0.703125	0.000000
0.734375	0.000000
0.765625	0.000000
0.796875	0.000000
0.812500	0.031250
0.812500	0.062500
0.812500	0.093750
0.812500	0.125000
0.812500	0.156250
0.812500	0.015625
0.812500	0.046875
0.812500	0.078125
0.812500	0.109375
0.812500	0.140625
0.812500	0.171875
0.781250	0.187500
0.750000	0.187500
0.718750	0.187500
0.687500	0.187500
0.656250	0.187500
0.625000	0.187500
0.593750	0.187500
0.562500	0.187500
0.531250	0.187500
0.500000	0.187500
0.468750	0.187500
0.437500	0.187500
0.406250	0.187500
0.375000	0.187500
0.343750	0.187500
0.312500	0.187500
0.281250	0.187500
0.250000	0.187500
0.218750	0.187500
0.796875	0.187500
0.765625	0.187500
0.734375	0.187500
0.703125	0.187500
0.671875	0.187500
0.640625	0.187500
0.609375	0.187500
0.578125	0.187500
0.546875	0.187500
0.515625	0.187500
0.484375	0.187500
0.453125	0.187500
0.421875	0.187500
0.390625	0.187500
0.359375	0.187500
0.328125	0.187500
0.296875	0.187500
0.265625	0.187500
0.234375	0.187500
0.203125	0.187500
0.843750	0.000000
0.875000	0.000000
0.906250	0.000000
0.937500	0.000000
0.968750	0.000000
0.828125	0.000000
0.859375	0.000000
0.890625	0.000000
0.921875	0.000000
0.953125	0.000000
0.984375	0.000000
1.000000	0.031250
1.000000	0.062500
1.000000	0.093750
1.000000	0.125000
1.000000	0.156250
1.000000	0.015625
1.000000	0.046875
1.000000	0.078125
1.000000	0.109375
1.000000	0.140625
1.000000	0.171875
0.968750	0.187500
0.937500	0.187500
0.906250	0.187500
0.875000	0.187500
0.843750	0.187500
0.984375	0.187500
0.953125	0.187500
0.921875	0.187500
0.890625	0.187500
0.859375	0.187500
0.828125	0.187500
1.000000	0.218750
1.000000	0.250000
1.000000	0.281250
1.000000	0.312500
1.000000	0.343750
1.000000	0.375000
1.000000	0.406250
1.000000	0.437500
1.000000	0.468750
1.000000	0.500000
1.000000	0.531250
1.000000	0.562500
1.000000	0.593750
1.000000	0.625000
1.000000	0.656250
1.000000	0.687500
1.000000	0.718750
1.000000	0.750000
1.000000	0.781250
1.000000	0.203125
1.000000	0.234375
1.000000	0.265625
1.000000	0.296875
1.000000	0.328125
1.000000	0.359375
1.000000	0.390625
1.000000	0.421875
1.000000	0.453125
1.000000	0.484375
1.000000	0.515625
1.000000	0.546875
1.000000	0.578125
1.000000	0.609375
1.000000	0.640625
1.000000	0.671875
1.000000	0.703125
1.000000	0.734375
1.000000	0.765625
1.000000	0.796875
0.968750	0.812500
0.937500	0.812500
0.906250	0.812500
0.875000	0.812500
0.843750	0.812500
0.984375	0.812500
0.953125	0.812500
0.921875	0.812500
0.890625	0.812500
0.859375	0.812500
0.828125	0.812500
0.812500	0.781250
0.812500	0.750000
0.812500	0.718750
0.812500	0.687500
0.812500	0.656250
0.812500	0.625000
0.812500	0.593750
0.812500	0.562500
0.812500	0.531250
0.812500	0.500000
0.812500	0.468750
0.812500	0.437500
0.812500	0.406250
0.812500	0.375000
0.812500	0.343750
0.812500	0.312500
0.812500	0.281250
0.812500	0.250000
0.812500	0.218750
0.812500	0.796875
0.812500	0.765625
0.812500	0.734375
0.812500	0.703125
0.812500	0.671875
0.812500	0.640625
0.812500	0.609375
0.812500	0.578125
0.812500	0.546875
0.812500	0.515625
0.812500	0.484375
0.812500	0.453125
0.812500	0.421875
0.812500	0.390625
0.812500	0.359375
0.812500	0.328125
0.812500	0.296875
0.812500	0.265625
0.812500	0.234375
0.812500	0.203125
1.000000	0.843750
1.000000	0.875000
1.000000	0.906250
1.000000	0.937500
1.000000	0.968750
1.000000	0.828125
1.000000	0.859375
1.000000	0.890625
1.000000	0.921875
1.000000	0.953125
1.000000	0.984375
0.968750	1.000000
0.937500	1.000000
0.906250	1.000000
0.875000	1.000000
0.843750	1.000000
0.984375	1.000000
0.953125	1.000000
0.921875	1.000000
0.890625	1.000000
0.859375	1.000000
0.828125	1.000000
0.812500	0.968750
0.812500	0.937500
0.812500	0.906250
0.812500	0.875000
0.812500	0.843750
0.812500	0.984375
0.812500	0.953125
0.812500	0.921875
0.812500	0.890625
0.812500	0.859375
0.812500	0.828125
0.781250	1.000000
0.750000	1.000000
0.718750	1.000000
0.687500	1.000000
0.656250	1.000000
0.625000	1.000000
0.593750	1.000000
0.562500	1.000000
0.531250	1.000000
0.500000	1.000000
0.468750	1.000000
0.437500	1.000000
0.406250	1.000000
0.375000	1.000000
0.343750	1.000000
0.312500	1.000000
0.281250	1.000000
0.250000	1.000000
0.218750	1.000000
0.796875	1.000000
0.765625	1.000000
0.734375	1.000000
0.703125	1.000000
0.671875	1.000000
0.640625	1.000000
0.609375	1.000000
0.578125	1.000000
0.546875	1.000000
0.515625	1.000000
0.484375	1.000000
0.453125	1.000000
0.421875	1.000000
0.390625	1.000000
0.359375	1.000000
0.328125	1.000000
0.296875	1.000000
0.265625	1.000000
0.234375	1.000000
0.203125	1.000000
0.187500	0.968750
0.187500	0.937500
0.187500	0.906250
0.187500	0.875000
0.187500	0.843750
0.187500	0.984375
0.187500	0.953125
0.187500	0.921875
0.187500	0.890625
0.187500	0.859375
0.187500	0.828125
0.218750	0.812500
0.250000	0.812500
0.281250	0.812500
0.312500	0.812500
0.343750	0.812500
0.375000	0.812500
0.406250	0.812500
0.437500	0.812500
0.468750	0.812500
0.500000	0.812500
0.531250	0.812500
0.562500	0.812500
0.593750	0.812500
0.625000	0.812500
0.656250	0.812500
0.687500	0.812500
0.718750	0.812500
0.750000	0.812500
0.781250	0.812500
0.203125	0.812500
0.234375	0.812500
0.265625	0.812500
0.296875	0.812500
0.328125	0.812500
0.359375	0.812500
0.390625	0.812500
0.421875	0.812500
0.453125	0.812500
0.484375	0.812500
0.515625	0.812500
0.546875	0.812500
0.578125	0.812500
0.609375	0.812500
0.640625	0.812500
0.671875	0.812500
0.703125	0.812500
0.734375	0.812500
0.765625	0.812500
0.796875	0.812500
0.156250	1.000000
0.125000	1.000000
0.093750	1.000000
0.062500	1.000000
0.031250	1.000000
0.171875	1.000000
0.140625	1.000000
0.109375	1.000000
0.078125	1.000000
0.046875	1.000000
0.015625	1.000000
0.000000	0.968750
0.000000	0.937500
0.000000	0.906250
0.000000	0.875000
0.000000	0.843750
0.000000	0.984375
0.000000	0.953125
0.000000	0.921875
0.000000	0.890625
0.000000	0.859375
0.000000	0.828125
0.031250	0.812500
0.062500	0.812500
0.093750	0.812500
0.125000	0.812500
0.156250	0.812500
0.015625	0.812500
0.046875	0.812500
0.078125	0.812500
0.109375	0.812500
0.140625	0.812500
0.171875	0.812500
0.000000	0.781250
0.000000	0.750000
0.000000	0.718750
0.000000	0.687500
0.000000	0.656250
0.000000	0.625000
0.000000	0.593750
0.000000	0.562500
0.000000	0.531250
0.000000	0.500000
0.000000	0.468750
0.000000	0.437500
0.000000	0.406250
0.000000	0.375000
0.000000	0.343750
0.000000	0.312500
0.000000	0.281250
0.000000	0.250000
0.000000	0.218750
0.000000	0.796875
0.000000	0.765625
0.000000	0.734375
0.000000	0.703125
0.000000	0.671875
0.000000	0.640625
0.000000	0.609375
0.000000	0.578125
0.000000	0.546875
0.000000	0.515625
0.000000	0.484375
0.000000	0.453125
0.000000	0.421875
0.000000	0.390625
0.000000	0.359375
0.000000	0.328125
0.000000	0.296875
0.000000	0.265625
0.000000	0.234375
0.000000	0.203125
0.187500	0.218750
0.187500	0.250000
0.187500	0.281250
0.187500	0.312500
0.187500	0.343750
0.187500	0.375000
0.187500	0.406250
0.187500	0.437500
0.187500	0.468750
0.187500	0.500000
0.187500	0.531250
0.187500	0.562500
0.187500	0.593750
0.187500	0.625000
0.187500	0.656250
0.187500	0.687500
0.187500	0.718750
0.187500	0.750000
0.187500	0.781250
0.187500	0.203125
0.187500	0.234375
0.187500	0.265625
0.187500	0.296875
0.187500	0.328125
0.187500	0.359375
0.187500	0.390625
0.187500	0.421875
0.187500	0.453125
0.187500	0.484375
0.187500	0.515625
0.187500	0.546875
0.187500	0.578125
0.187500	0.609375
0.187500	0.640625
0.187500	0.671875
0.187500	0.703125
0.187500	0.734375
0.187500	0.765625
0.187500	0.796875
0.031250	0.156250
0.062500	0.156250
0.093750	0.156250
0.125000	0.156250
0.156250	0.156250
0.031250	0.125000
0.062500	0.125000
0.093750	0.125000
0.125000	0.125000
0.156250	0.125000
0.031250	0.093750
0.062500	0.093750
0.093750	0.093750
0.125000	0.093750
0.156250	0.093750
0.031250	0.062500
0.062500	0.062500
0.093750	0.062500
0.125000	0.062500
0.156250	0.062500
0.031250	0.031250
0.062500	0.031250
0.093750	0.031250
0.125000	0.031250
0.156250	0.031250
0.015625	0.171875
0.015625	0.156250
0.031250	0.171875
0.046875	0.171875
0.046875	0.156250
0.062500	0.171875
0.078125	0.171875
0.078125	0.156250
0.093750	0.171875
0.109375	0.171875
0.109375	0.156250
0.125000	0.171875
0.140625	0.171875
0.140625	0.156250
0.156250	0.171875
0.171875	0.171875
0.171875	0.156250
0.015625	0.140625
0.015625	0.125000
0.031250	0.140625
0.046875	0.140625
0.046875	0.125000
0.062500	0.140625
0.078125	0.140625
0.078125	0.125000
0.093750	0.140625
0.109375	0.140625
0.109375	0.125000
0.125000	0.140625
0.140625	0.140625
0.140625	0.125000
0.156250	0.140625
0.171875	0.140625
0.171875	0.125000
0.015625	0.109375
0.015625	0.093750
0.031250	0.109375
0.046875	0.109375
0.046875	0.093750
0.062500	0.109375
0.078125	0.109375
0.078125	0.093750
0.093750	0.109375
0.109375	0.109375
0.109375	0.093750
0.125000	0.109375
0.140625	0.109375
0.140625	0.093750
0.156250	0.109375
0.171875	0.109375
0.171875	0.093750
0.015625	0.078125
0.015625	0.062500
0.031250	0.078125
0.046875	0.078125
0.046875	0.062500
0.062500	0.078125
0.078125	0.078125
0.078125	0.062500
0.093750	0.078125
0.109375	0.078125
0.109375	0.062500
0.125000	0.078125
0.140625	0.078125
0.140625	0.062500
0.156250	0.078125
0.171875	0.078125
0.171875	0.062500
0.015625	0.046875
0.015625	0.031250
0.031250	0.046875
0.046875	0.046875
0.046875	0.031250
0.062500	0.046875
0.078125	0.046875
0.078125	0.031250
0.093750	0.046875
0.109375	0.046875
0.109375	0.031250
0.125000	0.046875
0.140625	0.046875
0.140625	0.031250
0.156250	0.046875
0.171875	0.046875
0.171875	0.031250
0.015625	0.015625
0.031250	0.015625
0.046875	0.015625
0.062500	0.015625
0.078125	0.015625
0.093750	0.015625
0.109375	0.015625
0.125000	0.015625
0.140625	0.015625
0.156250	0.015625
0.171875	0.015625
0.218750	0.031250
0.250000	0.031250
0.281250	0.031250
0.312500	0.031250
0.343750	0.031250
0.375000	0.031250
0.406250	0.031250
0.437500	0.031250
0.468750	0.031250
0.500000	0.031250
0.531250	0.031250
0.562500	0.031250
0.593750	0.031250
0.625000	0.031250
0.656250	0.031250
0.687500	0.031250
0.718750	0.031250
0.750000	0.031250
0.781250	0.031250
0.218750	0.062500
0.250000	0.062500
0.281250	0.062500
0.312500	0.062500
0.343750	0.062500
0.375000	0.062500
0.406250	0.062500
0.437500	0.062500
0.468750	0.062500
0.500000	0.062500
0.531250	0.062500
0.562500	0.062500
0.593750	0.062500
0.625000	0.062500
0.656250	0.062500
0.687500	0.062500
0.718750	0.062500
0.750000	0.062500
0.781250	0.062500
0.218750	0.093750
0.250000	0.093750
0.281250	0.093750
0.312500	0.093750
0.343750	0.093750
0.375000	0.093750
0.406250	0.093750
0.437500	0.093750
0.468750	0.093750
0.500000	0.093750
0.531250	0.093750
0.562500	0.093750
0.593750	0.093750
0.625000	0.093750
0.656250	0.093750
0.687500	0.093750
0.718750	0.093750
0.750000	0.093750
0.781250	0.093750
0.218750	0.125000
0.250000	0.125000
0.281250	0.125000
0.312500	0.125000
0.343750	0.125000
0.375000	0.125000
0.406250	0.125000
0.437500	0.125000
0.468750	0.125000
0.500000	0.125000
0.531250	0.125000
0.562500	0.125000
0.593750	0.125000
0.625000	0.125000
0.656250	0.125000
0.687500	0.125000
0.718750	0.125000
0.750000	0.125000
0.781250	0.125000
0.218750	0.156250
0.250000	0.156250
0.281250	0.156250
0.312500	0.156250
0.343750	0.156250
0.375000	0.156250
0.406250	0.156250
0.437500	0.156250
0.468750	0.156250
0.500000	0.156250
0.531250	0.156250
0.562500	0.156250
0.593750	0.156250
0.625000	0.156250
0.656250	0.156250
0.687500	0.156250
0.718750	0.156250
0.750000	0.156250
0.781250	0.156250
0.203125	0.015625
0.203125	0.031250
0.218750	0.015625
0.234375	0.015625
0.234375	0.031250
0.250000	0.015625
0.265625	0.015625
0.265625	0.031250
0.281250	0.015625
0.296875	0.015625
0.296875	0.031250
0.312500	0.015625
0.328125	0.015625
0.328125	0.031250
0.343750	0.015625
0.359375	0.015625
0.359375	0.031250
0.375000	0.015625
0.390625	0.015625
0.390625	0.031250
0.406250	0.015625
0.421875	0.015625
0.421875	0.031250
0.437500	0.015625
0.453125	0.015625
0.453125	0.031250
0.468750	0.015625
0.484375	0.015625
0.484375	0.031250
0.500000	0.015625
0.515625	0.015625
0.515625	0.031250
0.531250	0.015625
0.546875	0.015625
0.546875	0.031250
0.562500	0.015625
0.578125	0.015625
0.578125	0.031250
0.593750	0.015625
0.609375	0.015625
0.609375	0.031250
0.625000	0.015625
0.640625	0.015625
0.640625	0.031250
0.656250	0.015625
0.671875	0.015625
0.671875	0.031250
0.687500	0.015625
0.703125	0.015625
0.703125	0.031250
0.718750	0.015625
0.734375	0.015625
0.734375	0.031250
0.750000	0.015625
0.765625	0.015625
0.765625	0.031250
0.781250	0.015625
0.796875	0.015625
0.796875	0.031250
0.203125	0.046875
0.203125	0.062500
0.218750	0.046875
0.234375	0.046875
0.234375	0.062500
0.250000	0.046875
0.265625	0.046875
0.265625	0.062500
0.281250	0.046875
0.296875	0.046875
0.296875	0.062500
0.312500	0.046875
0.328125	0.046875
0.328125	0.062500
0.343750	0.046875
0.359375	0.046875
0.359375	0.062500
0.375000	0.046875
0.390625	0.046875
0.390625	0.062500
0.406250	0.046875
0.421875	0.046875
0.421875	0.062500
0.437500	0.046875
0.453125	0.046875
0.453125	0.062500
0.468750	0.046875
0.484375	0.046875
0.484375	0.062500
0.500000	0.046875
0.515625	0.046875
0.515625	0.062500
0.531250	0.046875
0.546875	0.046875
0.546875	0.062500
0.562500	0.046875
0.578125	0.046875
0.578125	0.062500
0.593750	0.046875
0.609375	0.046875
0.609375	0.062500
0.625000	0.046875
0.640625	0.046875
0.640625	0.062500
0.656250	0.046875
0.671875	0.046875
0.671875	0.062500
0.687500	0.046875
0.703125	0.046875
0.703125	0.062500
0.718750	0.046875
0.734375	0.046875
0.734375	0.062500
0.750000	0.046875
0.765625	0.046875
0.765625	0.062500
0.781250	0.046875
0.796875	0.046875
0.796875	0.062500
0.203125	0.078125
0.203125	0.093750
0.218750	0.078125
0.234375	0.078125
0.234375	0.093750
0.250000	0.078125
0.265625	0.078125
0.265625	0.093750
0.281250	0.078125
0.296875	0.078125
0.296875	0.093750
0.312500	0.078125
0.328125	0.078125
0.328125	0.093750
0.343750	0.078125
0.359375	0.078125
0.359375	0.093750
0.375000	0.078125
0.390625	0.078125
0.390625	0.093750
0.406250	0.078125
0.421875	0.078125
0.421875	0.093750
0.437500	0.078125
0.453125	0.078125
0.453125	0.093750
0.468750	0.078125
0.484375	0.078125
0.484375	0.093750
0.500000	0.078125
0.515625	0.078125
0.515625	0.093750
0.531250	0.078125
0.546875	0.078125
0.546875	0.093750
0.562500	0.078125
0.578125	0.078125
0.578125	0.093750
0.593750	0.078125
0.609375	0.078125
0.609375	0.093750
0.625000	0.078125
0.640625	0.078125
0.640625	0.093750
0.656250	0.078125
0.671875	0.078125
0.671875	0.093750
0.687500	0.078125
0.703125	0.078125
0.703125	0.093750
0.718750	0.078125
0.734375	0.078125
0.734375	0.093750
0.750000	0.078125
0.765625	0.078125
0.765625	0.093750
0.781250	0.078125
0.796875	0.078125
0.796875	0.093750
0.203125	0.109375
0.203125	0.125000
0.218750	0.109375
0.234375	0.109375
0.234375	0.125000
0.250000	0.109375
0.265625	0.109375
0.265625	0.125000
0.281250	0.109375
0.296875	0.109375
0.296875	0.125000
0.312500	0.109375
0.328125	0.109375
0.328125	0.125000
0.343750	0.109375
0.359375	0.109375
0.359375	0.125000
0.375000	0.109375
0.390625	0.109375
0.390625	0.125000
0.406250	0.109375
0.421875	0.109375
0.421875	0.125000
0.437500	0.109375
0.453125	0.109375
0.453125	0.125000
0.468750	0.109375
0.484375	0.109375
0.484375	0.125000
0.500000	0.109375
0.515625	0.109375
0.515625	0.125000
0.531250	0.109375
0.546875	0.109375
0.546875	0.125000
0.562500	0.109375
0.578125	0.109375
0.578125	0.125000
0.593750	0.109375
0.609375	0.109375
0.609375	0.125000
0.625000	0.109375
0.640625	0.109375
0.640625	0.125000
0.656250	0.109375
0.671875	0.109375
0.671875	0.125000
0.687500	0.109375
0.703125	0.109375
0.703125	0.125000
0.718750	0.109375
0.734375	0.109375
0.734375	0.125000
0.750000	0.109375
0.765625	0.109375
0.765625	0.125000
0.781250	0.109375
0.796875	0.109375
0.796875	0.125000
0.203125	0.140625
0.203125	0.156250
0.218750	0.140625
0.234375	0.140625
0.234375	0.156250
0.250000	0.140625
0.265625	0.140625
0.265625	0.156250
0.281250	0.140625
0.296875	0.140625
0.296875	0.156250
0.312500	0.140625
0.328125	0.140625
0.328125	0.156250
0.343750	0.140625
0.359375	0.140625
0.359375	0.156250
0.375000	0.140625
0.390625	0.140625
0.390625	0.156250
0.406250	0.140625
0.421875	0.140625
0.421875	0.156250
0.437500	0.140625
0.453125	0.140625
0.453125	0.156250
0.468750	0.140625
0.484375	0.140625
0.484375	0.156250
0.500000	0.140625
0.515625	0.140625
0.515625	0.156250
0.531250	0.140625
0.546875	0.140625
0.546875	0.156250
0.562500	0.140625
0.578125	0.140625
0.578125	0.156250
0.593750	0.140625
0.609375	0.140625
0.609375	0.156250
0.625000	0.140625
0.640625	0.140625
0.640625	0.156250
0.656250	0.140625
0.671875	0.140625
0.671875	0.156250
0.687500	0.140625
0.703125	0.140625
0.703125	0.156250
0.718750	0.140625
0.734375	0.140625
0.734375	0.156250
0.750000	0.140625
0.765625	0.140625
0.765625	0.156250
0.781250	0.140625
0.796875	0.140625
0.796875	0.156250
0.203125	0.171875
0.218750	0.171875
0.234375	0.171875
0.250000	0.171875
0.265625	0.171875
0.281250	0.171875
0.296875	0.171875
0.312500	0.171875
0.328125	0.171875
0.343750	0.171875
0.359375	0.171875
0.375000	0.171875
0.390625	0.171875
0.406250	0.171875
0.421875	0.171875
0.437500	0.171875
0.453125	0.171875
0.468750	0.171875
0.484375	0.171875
0.500000	0.171875
0.515625	0.171875
0.531250	0.171875
0.546875	0.171875
0.562500	0.171875
0.578125	0.171875
0.593750	0.171875
0.609375	0.171875
0.625000	0.171875
0.640625	0.171875
0.656250	0.171875
0.671875	0.171875
0.687500	0.171875
0.703125	0.171875
0.718750	0.171875
0.734375	0.171875
0.750000	0.171875
0.765625	0.171875
0.781250	0.171875
0.796875	0.171875
0.843750	0.031250
0.875000	0.031250
0.906250	0.031250
0.937500	0.031250
0.968750	0.031250
0.843750	0.062500
0.875000	0.062500
0.906250	0.062500
0.937500	0.062500
0.968750	0.062500
0.843750	0.093750
0.875000	0.093750
0.906250	0.093750
0.937500	0.093750
0.968750	0.093750
0.843750	0.125000
0.875000	0.125000
0.906250	0.125000
0.937500	0.125000
0.968750	0.125000
0.843750	0.156250
0.875000	0.156250
0.906250	0.156250
0.937500	0.156250
0.968750	0.156250
0.828125	0.015625
0.828125	0.031250
0.843750	0.015625
0.859375	0.015625
0.859375	0.031250
0.875000	0.015625
0.890625	0.015625
0.890625	0.031250
0.906250	0.015625
0.921875	0.015625
0.921875	0.031250
0.937500	0.015625
0.953125	0.015625
0.953125	0.031250
0.968750	0.015625
0.984375	0.015625
0.984375	0.031250
0.828125	0.046875
0.828125	0.062500
0.843750	0.046875
0.859375	0.046875
0.859375	0.062500
0.875000	0.046875
0.890625	0.046875
0.890625	0.062500
0.906250	0.046875
0.921875	0.046875
0.921875	0.062500
0.937500	0.046875
0.953125	0.046875
0.953125	0.062500
0.968750	0.046875
0.984375	0.046875
0.984375	0.062500
0.828125	0.078125
0.828125	0.093750
0.843750	0.078125
0.859375	0.078125
0.859375	0.093750
0.875000	0.078125
0.890625	0.078125
0.890625	0.093750
0.906250	0.078125
0.921875	0.078125
0.921875	0.093750
0.937500	0.078125
0.953125	0.078125
0.953125	0.093750
0.968750	0.078125
0.984375	0.078125
0.984375	0.093750
0.828125	0.109375
0.828125	0.125000
0.843750	0.109375
0.859375	0.109375
0.859375	0.125000
0.875000	0.109375
0.890625	0.109375
0.890625	0.125000
0.906250	0.109375
0.921875	0.109375
0.921875	0.125000
0.937500	0.109375
0.953125	0.109375
0.953125	0.125000
0.968750	0.109375
0.984375	0.109375
0.984375	0.125000
0.828125	0.140625
0.828125	0.156250
0.843750	0.140625
0.859375	0.140625
0.859375	0.156250
0.875000	0.140625
0.890625	0.140625
0.890625	0.156250
0.906250	0.140625
0.921875	0.140625
0.921875	0.156250
0.937500	0.140625
0.953125	0.140625
0.953125	0.156250
0.968750	0.140625
0.984375	0.140625
0.984375	0.156250
0.828125	0.171875
0.843750	0.171875
0.859375	0.171875
0.875000	0.171875
0.890625	0.171875
0.906250	0.171875
0.921875	0.171875
0.937500	0.171875
0.953125	0.171875
0.968750	0.171875
0.984375	0.171875
0.843750	0.781250
0.875000	0.781250
0.906250	0.781250
0.937500	0.781250
0.968750	0.781250
0.843750	0.750000
0.875000	0.750000
0.906250	0.750000
0.937500	0.750000
0.968750	0.750000
0.843750	0.718750
0.875000	0.718750
0.906250	0.718750
0.937500	0.718750
0.968750	0.718750
0.843750	0.687500
0.875000	0.687500
0.906250	0.687500
0.937500	0.687500
0.968750	0.687500
0.843750	0.656250
0.875000	0.656250
0.906250	0.656250
0.937500	0.656250
0.968750	0.656250
0.843750	0.625000
0.875000	0.625000
0.906250	0.625000
0.937500	0.625000
0.968750	0.625000
0.843750	0.593750
0.875000	0.593750
0.906250	0.593750
0.937500	0.593750
0.968750	0.593750
0.843750	0.562500
0.875000	0.562500
0.906250	0.562500
0.937500	0.562500
0.968750	0.562500
0.843750	0.531250
0.875000	0.531250
0.906250	0.531250
0.937500	0.531250
0.968750	0.531250
0.843750	0.500000
0.875000	0.500000
0.906250	0.500000
0.937500	0.500000
0.968750	0.500000
0.843750	0.468750
0.875000	0.468750
0.906250	0.468750
0.937500	0.468750
0.968750	0.468750
0.843750	0.437500
0.875000	0.437500
0.906250	0.437500
0.937500	0.437500
0.968750	0.437500
0.843750	0.406250
0.875000	0.406250
0.906250	0.406250
0.937500	0.406250
0.968750	0.406250
0.843750	0.375000
0.875000	0.375000
0.906250	0.375000
0.937500	0.375000
0.968750	0.375000
0.843750	0.343750
0.875000	0.343750
0.906250	0.343750
0.937500	0.343750
0.968750	0.343750
0.843750	0.312500
0.875000	0.312500
0.906250	0.312500
0.937500	0.312500
0.968750	0.312500
0.843750	0.281250
0.875000	0.281250
0.906250	0.281250
0.937500	0.281250
0.968750	0.281250
0.843750	0.250000
0.875000	0.250000
0.906250	0.250000
0.937500	0.250000
0.968750	0.250000
0.843750	0.218750
0.875000	0.218750
0.906250	0.218750
0.937500	0.218750
0.968750	0.218750
0.828125	0.796875
0.828125	0.781250
0.843750	0.796875
0.859375	0.796875
0.859375	0.781250
0.875000	0.796875
0.890625	0.796875
0.890625	0.781250
0.906250	0.796875
0.921875	0.796875
0.921875	0.781250
0.937500	0.796875
0.953125	0.796875
0.953125	0.781250
0.968750	0.796875
0.984375	0.796875
0.984375	0.781250
0.828125	0.765625
0.828125	0.750000
0.843750	0.765625
0.859375	0.765625
0.859375	0.750000
0.875000	0.765625
0.890625	0.765625
0.890625	0.750000
0.906250	0.765625
0.921875	0.765625
0.921875	0.750000
0.937500	0.765625
0.953125	0.765625
0.953125	0.750000
0.968750	0.765625
0.984375	0.765625
0.984375	0.750000
0.828125	0.734375
0.828125	0.718750
0.843750	0.734375
0.859375	0.734375
0.859375	0.718750
0.875000	0.734375
0.890625	0.734375
0.890625	0.718750
0.906250	0.734375
0.921875	0.734375
0.921875	0.718750
0.937500	0.734375
0.953125	0.734375
0.953125	0.718750
0.968750	0.734375
0.984375	0.734375
0.984375	0.718750
0.828125	0.703125
0.828125	0.687500
0.843750	0.703125
0.859375	0.703125
0.859375	0.687500
0.875000	0.703125
0.890625	0.703125
0.890625	0.687500
0.906250	0.703125
0.921875	0.703125
0.921875	0.687500
0.937500	0.703125
0.953125	0.703125
0.953125	0.687500
0.968750	0.703125
0.984375	0.703125
0.984375	0.687500
0.828125	0.671875
0.828125	0.656250
0.843750	0.671875
0.859375	0.671875
0.859375	0.656250
0.875000	0.671875
0.890625	0.671875
0.890625	0.656250
0.906250	0.671875
0.921875	0.671875
0.921875	0.656250
0.937500	0.671875
0.953125	0.671875
0.953125	0.656250
0.968750	0.671875
0.984375	0.671875
0.984375	0.656250
0.828125	0.640625
0.828125	0.625000
0.843750	0.640625
0.859375	0.640625
0.859375	0.625000
0.875000	0.640625
0.890625	0.640625
0.890625	0.625000
0.906250	0.640625
0.921875	0.640625
0.921875	0.625000
0.937500	0.640625
0.953125	0.640625
0.953125	0.625000
0.968750	0.640625
0.984375	0.640625
0.984375	0.625000
0.828125	0.609375
0.828125	0.593750
0.843750	0.609375
0.859375	0.609375
0.859375	0.593750
0.875000	0.609375
0.890625	0.609375
0.890625	0.593750
0.906250	0.609375
0.921875	0.609375
0.921875	0.593750
0.937500	0.609375
0.953125	0.609375
0.953125	0.593750
0.968750	0.609375
0.984375	0.609375
0.984375	0.593750
0.828125	0.578125
0.828125	0.562500
0.843750	0.578125
0.859375	0.578125
0.859375	0.562500
0.875000	0.578125
0.890625	0.578125
0.890625	0.562500
0.906250	0.578125
0.921875	0.578125
0.921875	0.562500
0.937500	0.578125
0.953125	0.578125
0.953125	0.562500
0.968750	0.578125
0.984375	0.578125
0.984375	0.562500
0.828125	0.546875
0.828125	0.531250
0.843750	0.546875
0.859375	0.546875
0.859375	0.531250
0.875000	0.546875
0.890625	0.546875
0.890625	0.531250
0.906250	0.546875
0.921875	0.546875
0.921875	0.531250
0.937500	0.546875
0.953125	0.546875
0.953125	0.531250
0.968750	0.546875
0.984375	0.546875
0.984375	0.531250
0.828125	0.515625
0.828125	0.500000
0.843750	0.515625
0.859375	0.515625
0.859375	0.500000
0.875000	0.515625
0.890625	0.515625
0.890625	0.500000
0.906250	0.515625
0.921875	0.515625
0.921875	0.500000
0.937500	0.515625
0.953125	0.515625
0.953125	0.500000
0.968750	0.515625
0.984375	0.515625
0.984375	0.500000
0.828125	0.484375
0.828125	0.468750
0.843750	0.484375
0.859375	0.484375
0.859375	0.468750
0.875000	0.484375
0.890625	0.484375
0.890625	0.468750
0.906250	0.484375
0.921875	0.484375
0.921875	0.468750
0.937500	0.484375
0.953125	0.484375
0.953125	0.468750
0.968750	0.484375
0.984375	0.484375
0.984375	0.468750
0.828125	0.453125
0.828125	0.437500
0.843750	0.453125
0.859375	0.453125
0.859375	0.437500
0.875000	0.453125
0.890625	0.453125
0.890625	0.437500
0.906250	0.453125
0.921875	0.453125
0.921875	0.437500
0.937500	0.453125
0.953125	0.453125
0.953125	0.437500
0.968750	0.453125
0.984375	0.453125
0.984375	0.437500
0.828125	0.421875
0.828125	0.406250
0.843750	0.421875
0.859375	0.421875
0.859375	0.406250
0.875000	0.421875
0.890625	0.421875
0.890625	0.406250
0.906250	0.421875
0.921875	0.421875
0.921875	0.406250
0.937500	0.421875
0.953125	0.421875
0.953125	0.406250
0.968750	0.421875
0.984375	0.421875
0.984375	0.406250
0.828125	0.390625
0.828125	0.375000
0.843750	0.390625
0.859375	0.390625
0.859375	0.375000
0.875000	0.390625
0.890625	0.390625
0.890625	0.375000
0.906250	0.390625
0.921875	0.390625
0.921875	0.375000
0.937500	0.390625
0.953125	0.390625
0.953125	0.375000
0.968750	0.390625
0.984375	0.390625
0.984375	0.375000
0.828125	0.359375
0.828125	0.343750
0.843750	0.359375
0.859375	0.359375
0.859375	0.343750
0.875000	0.359375
0.890625	0.359375
0.890625	0.343750
0.906250	0.359375
0.921875	0.359375
0.921875	0.343750
0.937500	0.359375
0.953125	0.359375
0.953125	0.343750
0.968750	0.359375
0.984375	0.359375
0.984375	0.343750
0.828125	0.328125
0.828125	0.312500
0.843750	0.328125
0.859375	0.328125
0.859375	0.312500
0.875000	0.328125
0.890625	0.328125
0.890625	0.312500
0.906250	0.328125
0.921875	0.328125
0.921875	0.312500
0.937500	0.328125
0.953125	0.328125
0.953125	0.312500
0.968750	0.328125
0.984375	0.328125
0.984375	0.312500
0.828125	0.296875
0.828125	0.281250
0.843750	0.296875
0.859375	0.296875
0.859375	0.281250
0.875000	0.296875
0.890625	0.296875
0.890625	0.281250
0.906250	0.296875
0.921875	0.296875
0.921875	0.281250
0.937500	0.296875
0.953125	0.296875
0.953125	0.281250
0.968750	0.296875
0.984375	0.296875
0.984375	0.281250
0.828125	0.265625
0.828125	0.250000
0.843750	0.265625
0.859375	0.265625
0.859375	0.250000
0.875000	0.265625
0.890625	0.265625
0.890625	0.250000
0.906250	0.265625
0.921875	0.265625
0.921875	0.250000
0.937500	0.265625
0.953125	0.265625
0.953125	0.250000
0.968750	0.265625
0.984375	0.265625
0.984375	0.250000
0.828125	0.234375
0.828125	0.218750
0.843750	0.234375
0.859375	0.234375
0.859375	0.218750
0.875000	0.234375
0.890625	0.234375
0.890625	0.218750
0.906250	0.234375
0.921875	0.234375
0.921875	0.218750
0.937500	0.234375
0.953125	0.234375
0.953125	0.218750
0.968750	0.234375
0.984375	0.234375
0.984375	0.218750
0.828125	0.203125
0.843750	0.203125
0.859375	0.203125
0.875000	0.203125
0.890625	0.203125
0.906250	0.203125
0.921875	0.203125
0.937500	0.203125
0.953125	0.203125
0.968750	0.203125
0.984375	0.203125
0.843750	0.968750
0.875000	0.968750
0.906250	0.968750
0.937500	0.968750
0.968750	0.968750
0.843750	0.937500
0.875000	0.937500
0.906250	0.937500
0.937500	0.937500
0.968750	0.937500
0.843750	0.906250
0.875000	0.906250
0.906250	0.906250
0.937500	0.906250
0.968750	0.906250
0.843750	0.875000
0.875000	0.875000
0.906250	0.875000
0.937500	0.875000
0.968750	0.875000
0.843750	0.843750
0.875000	0.843750
0.906250	0.843750
0.937500	0.843750
0.968750	0.843750
0.828125	0.984375
0.828125	0.968750
0.843750	0.984375
0.859375	0.984375
0.859375	0.968750
0.875000	0.984375
0.890625	0.984375
0.890625	0.968750
0.906250	0.984375
0.921875	0.984375
0.921875	0.968750
0.937500	0.984375
0.953125	0.984375
0.953125	0.968750
0.968750	0.984375
0.984375	0.984375
0.984375	0.968750
0.828125	0.953125
0.828125	0.937500
0.843750	0.953125
0.859375	0.953125
0.859375	0.937500
0.875000	0.953125
0.890625	0.953125
0.890625	0.937500
0.906250	0.953125
0.921875	0.953125
0.921875	0.937500
0.937500	0.953125
0.953125	0.953125
0.953125	0.937500
0.968750	0.953125
0.984375	0.953125
0.984375	0.937500
0.828125	0.921875
0.828125	0.906250
0.843750	0.921875
0.859375	0.921875
0.859375	0.906250
0.875000	0.921875
0.890625	0.921875
0.890625	0.906250
0.906250	0.921875
0.921875	0.921875
0.921875	0.906250
0.937500	0.921875
0.953125	0.921875
0.953125	0.906250
0.968750	0.921875
0.984375	0.921875
0.984375	0.906250
0.828125	0.890625
0.828125	0.875000
0.843750	0.890625
0.859375	0.890625
0.859375	0.875000
0.875000	0.890625
0.890625	0.890625
0.890625	0.875000
0.906250	0.890625
0.921875	0.890625
0.921875	0.875000
0.937500	0.890625
0.953125	0.890625
0.953125	0.875000
0.968750	0.890625
0.984375	0.890625
0.984375	0.875000
0.828125	0.859375
0.828125	0.843750
0.843750	0.859375
0.859375	0.859375
0.859375	0.843750
0.875000	0.859375
0.890625	0.859375
0.890625	0.843750
0.906250	0.859375
0.921875	0.859375
0.921875	0.843750
0.937500	0.859375
0.953125	0.859375
0.953125	0.843750
0.968750	0.859375
0.984375	0.859375
0.984375	0.843750
0.828125	0.828125
0.843750	0.828125
0.859375	0.828125
0.875000	0.828125
0.890625	0.828125
0.906250	0.828125
0.921875	0.828125
0.937500	0.828125
0.953125	0.828125
0.968750	0.828125
0.984375	0.828125
0.218750	0.843750
0.218750	0.875000
0.218750	0.906250
0.218750	0.937500
0.218750	0.968750
0.250000	0.843750
0.250000	0.875000
0.250000	0.906250
0.250000	0.937500
0.250000	0.968750
0.281250	0.843750
0.281250	0.875000
0.281250	0.906250
0.281250	0.937500
0.281250	0.968750
0.312500	0.843750
0.312500	0.875000
0.312500	0.906250
0.312500	0.937500
0.312500	0.968750
0.343750	0.843750
0.343750	0.875000
0.343750	0.906250
0.343750	0.937500
0.343750	0.968750
0.375000	0.843750
0.375000	0.875000
0.375000	0.906250
0.375000	0.937500
0.375000	0.968750
0.406250	0.843750
0.406250	0.875000
0.406250	0.906250
0.406250	0.937500
0.406250	0.968750
0.437500	0.843750
0.437500	0.875000
0.437500	0.906250
0.437500	0.937500
0.437500	0.968750
0.468750	0.843750
0.468750	0.875000
0.468750	0.906250
0.468750	0.937500
0.468750	0.968750
0.500000	0.843750
0.500000	0.875000
0.500000	0.906250
0.500000	0.937500
0.500000	0.968750
0.531250	0.843750
0.531250	0.875000
0.531250	0.906250
0.531250	0.937500
0.531250	0.968750
0.562500	0.843750
0.562500	0.875000
0.562500	0.906250
0.562500	0.937500
0.562500	0.968750
0.593750	0.843750
0.593750	0.875000
0.593750	0.906250
0.593750	0.937500
0.593750	0.968750
0.625000	0.843750
0.625000	0.875000
0.625000	0.906250
0.625000	0.937500
0.625000	0.968750
0.656250	0.843750
0.656250	0.875000
0.656250	0.906250
0.656250	0.937500
0.656250	0.968750
0.687500	0.843750
0.687500	0.875000
0.687500	0.906250
0.687500	0.937500
0.687500	0.968750
0.718750	0.843750
0.718750	0.875000
0.718750	0.906250
0.718750	0.937500
0.718750	0.968750
0.750000	0.843750
0.750000	0.875000
0.750000	0.906250
0.750000	0.937500
0.750000	0.968750
0.781250	0.843750
0.781250	0.875000
0.781250	0.906250
0.781250	0.937500
0.781250	0.968750
0.218750	0.828125
0.203125	0.828125
0.203125	0.843750
0.218750	0.859375
0.203125	0.859375
0.203125	0.875000
0.218750	0.890625
0.203125	0.890625
0.203125	0.906250
0.218750	0.921875
0.203125	0.921875
0.203125	0.937500
0.218750	0.953125
0.203125	0.953125
0.203125	0.968750
0.218750	0.984375
0.203125	0.984375
0.250000	0.828125
0.234375	0.828125
0.234375	0.843750
0.250000	0.859375
0.234375	0.859375
0.234375	0.875000
0.250000	0.890625
0.234375	0.890625
0.234375	0.906250
0.250000	0.921875
0.234375	0.921875
0.234375	0.937500
0.250000	0.953125
0.234375	0.953125
0.234375	0.968750
0.250000	0.984375
0.234375	0.984375
0.281250	0.828125
0.265625	0.828125
0.265625	0.843750
0.281250	0.859375
0.265625	0.859375
0.265625	0.875000
0.281250	0.890625
0.265625	0.890625
0.265625	0.906250
0.281250	0.921875
0.265625	0.921875
0.265625	0.937500
0.281250	0.953125
0.265625	0.953125
0.265625	0.968750
0.281250	0.984375
0.265625	0.984375
0.312500	0.828125
0.296875	0.828125
0.296875	0.843750
0.312500	0.859375
0.296875	0.859375
0.296875	0.875000
0.312500	0.890625
0.296875	0.890625
0.296875	0.906250
0.312500	0.921875
0.296875	0.921875
0.296875	0.937500
0.312500	0.953125
0.296875	0.953125
0.296875	0.968750
0.312500	0.984375
0.296875	0.984375
0.343750	0.828125
0.328125	0.828125
0.328125	0.843750
0.343750	0.859375
0.328125	0.859375
0.328125	0.875000
0.343750	0.890625
0.328125	0.890625
0.328125	0.906250
0.343750	0.921875
0.328125	0.921875
0.328125	0.937500
0.343750	0.953125
0.328125	0.953125
0.328125	0.968750
0.343750	0.984375
0.328125	0.984375
0.375000	0.828125
0.359375	0.828125
0.359375	0.843750
0.375000	0.859375
0.359375	0.859375
0.359375	0.875000
0.375000	0.890625
0.359375	0.890625
0.359375	0.906250
0.375000	0.921875
0.359375	0.921875
0.359375	0.937500
0.375000	0.953125
0.359375	0.953125
0.359375	0.968750
0.375000	0.984375
0.359375	0.984375
0.406250	0.828125
0.390625	0.828125
0.390625	0.843750
0.406250	0.859375
0.390625	0.859375
0.390625	0.875000
0.406250	0.890625
0.390625	0.890625
0.390625	0.906250
0.406250	0.921875
0.390625	0.921875
0.390625	0.937500
0.406250	0.953125
0.390625	0.953125
0.390625	0.968750
0.406250	0.984375
0.390625	0.984375
0.437500	0.828125
0.421875	0.828125
0.421875	0.843750
0.437500	0.859375
0.421875	0.859375
0.421875	0.875000
0.437500	0.890625
0.421875	0.890625
0.421875	0.906250
0.437500	0.921875
0.421875	0.921875
0.421875	0.937500
0.437500	0.953125
0.421875	0.953125
0.421875	0.968750
0.437500	0.984375
0.421875	0.984375
0.468750	0.828125
0.453125	0.828125
0.453125	0.843750
0.468750	0.859375
0.453125	0.859375
0.453125	0.875000
0.468750	0.890625
0.453125	0.890625
0.453125	0.906250
0.468750	0.921875
0.453125	0.921875
0.453125	0.937500
0.468750	0.953125
0.453125	0.953125
0.453125	0.968750
0.468750	0.984375
0.453125	0.984375
0.500000	0.828125
0.484375	0.828125
0.484375	0.843750
0.500000	0.859375
0.484375	0.859375
0.484375	0.875000
0.500000	0.890625
0.484375	0.890625
0.484375	0.906250
0.500000	0.921875
0.484375	0.921875
0.484375	0.937500
0.500000	0.953125
0.484375	0.953125
0.484375	0.968750
0.500000	0.984375
0.484375	0.984375
0.531250	0.828125
0.515625	0.828125
0.515625	0.843750
0.531250	0.859375
0.515625	0.859375
0.515625	0.875000
0.531250	0.890625
0.515625	0.890625
0.515625	0.906250
0.531250	0.921875
0.515625	0.921875
0.515625	0.937500
0.531250	0.953125
0.515625	0.953125
0.515625	0.968750
0.531250	0.984375
0.515625	0.984375
0.562500	0.828125
0.546875	0.828125
0.546875	0.843750
0.562500	0.859375
0.546875	0.859375
0.546875	0.875000
0.562500	0.890625
0.546875	0.890625
0.546875	0.906250
0.562500	0.921875
0.546875	0.921875
0.546875	0.937500
0.562500	0.953125
0.546875	0.953125
0.546875	0.968750
0.562500	0.984375
0.546875	0.984375
0.593750	0.828125
0.578125	0.828125
0.578125	0.843750
0.593750	0.859375
0.578125	0.859375
0.578125	0.875000
0.593750	0.890625
0.578125	0.890625
0.578125	0.906250
0.593750	0.921875
0.578125	0.921875
0.578125	0.937500
0.593750	0.953125
0.578125	0.953125
0.578125	0.968750
0.593750	0.984375
0.578125	0.984375
0.625000	0.828125
0.609375	0.828125
0.609375	0.843750
0.625000	0.859375
0.609375	0.859375
0.609375	0.875000
0.625000	0.890625
0.609375	0.890625
0.609375	0.906250
0.625000	0.921875
0.609375	0.921875
0.609375	0.937500
0.625000	0.953125
0.609375	0.953125
0.609375	0.968750
0.625000	0.984375
0.609375	0.984375
0.656250	0.828125
0.640625	0.828125
0.640625	0.843750
0.656250	0.859375
0.640625	0.859375
0.640625	0.875000
0.656250	0.890625
0.640625	0.890625
0.640625	0.906250
0.656250	0.921875
0.640625	0.921875
0.640625	0.937500
0.656250	0.953125
0.640625	0.953125
0.640625	0.968750
0.656250	0.984375
0.640625	0.984375
0.687500	0.828125
0.671875	0.828125
0.671875	0.843750
0.687500	0.859375
0.671875	0.859375
0.671875	0.875000
0.687500	0.890625
0.671875	0.890625
0.671875	0.906250
0.687500	0.921875
0.671875	0.921875
0.671875	0.937500
0.687500	0.953125
0.671875	0.953125
0.671875	0.968750
0.687500	0.984375
0.671875	0.984375
0.718750	0.828125
0.703125	0.828125
0.703125	0.843750
0.718750	0.859375
0.703125	0.859375
0.703125	0.875000
0.718750	0.890625
0.703125	0.890625
0.703125	0.906250
0.718750	0.921875
0.703125	0.921875
0.703125	0.937500
0.718750	0.953125
0.703125	0.953125
0.703125	0.968750
0.718750	0.984375
0.703125	0.984375
0.750000	0.828125
0.734375	0.828125
0.734375	0.843750
0.750000	0.859375
0.734375	0.859375
0.734375	0.875000
0.750000	0.890625
0.734375	0.890625
0.734375	0.906250
0.750000	0.921875
0.734375	0.921875
0.734375	0.937500
0.750000	0.953125
0.734375	0.953125
0.734375	0.968750
0.750000	0.984375
0.734375	0.984375
0.781250	0.828125
0.765625	0.828125
0.765625	0.843750
0.781250	0.859375
0.765625	0.859375
0.765625	0.875000
0.781250	0.890625
0.765625	0.890625
0.765625	0.906250
0.781250	0.921875
0.765625	0.921875
0.765625	0.937500
0.781250	0.953125
0.765625	0.953125
0.765625	0.968750
0.781250	0.984375
0.765625	0.984375
0.796875	0.828125
0.796875	0.843750
0.796875	0.859375
0.796875	0.875000
0.796875	0.890625
0.796875	0.906250
0.796875	0.921875
0.796875	0.937500
0.796875	0.953125
0.796875	0.968750
0.796875	0.984375
0.031250	0.843750
0.031250	0.875000
0.031250	0.906250
0.031250	0.937500
0.031250	0.968750
0.062500	0.843750
0.062500	0.875000
0.062500	0.906250
0.062500	0.937500
0.062500	0.968750
0.093750	0.843750
0.093750	0.875000
0.093750	0.906250
0.093750	0.937500
0.093750	0.968750
0.125000	0.843750
0.125000	0.875000
0.125000	0.906250
0.125000	0.937500
0.125000	0.968750
0.156250	0.843750
0.156250	0.875000
0.156250	0.906250
0.156250	0.937500
0.156250	0.968750
0.031250	0.828125
0.015625	0.828125
0.015625	0.843750
0.031250	0.859375
0.015625	0.859375
0.015625	0.875000
0.031250	0.890625
0.015625	0.890625
0.015625	0.906250
0.031250	0.921875
0.015625	0.921875
0.015625	0.937500
0.031250	0.953125
0.015625	0.953125
0.015625	0.968750
0.031250	0.984375
0.015625	0.984375
0.062500	0.828125
0.046875	0.828125
0.046875	0.843750
0.062500	0.859375
0.046875	0.859375
0.046875	0.875000
0.062500	0.890625
0.046875	0.890625
0.046875	0.906250
0.062500	0.921875
0.046875	0.921875
0.046875	0.937500
0.062500	0.953125
0.046875	0.953125
0.046875	0.968750
0.062500	0.984375
0.046875	0.984375
0.093750	0.828125
0.078125	0.828125
0.078125	0.843750
0.093750	0.859375
0.078125	0.859375
0.078125	0.875000
0.093750	0.890625
0.078125	0.890625
0.078125	0.906250
0.093750	0.921875
0.078125	0.921875
0.078125	0.937500
0.093750	0.953125
0.078125	0.953125
0.078125	0.968750
0.093750	0.984375
0.078125	0.984375
0.125000	0.828125
0.109375	0.828125
0.109375	0.843750
0.125000	0.859375
0.109375	0.859375
0.109375	0.875000
0.125000	0.890625
0.109375	0.890625
0.109375	0.906250
0.125000	0.921875
0.109375	0.921875
0.109375	0.937500
0.125000	0.953125
0.109375	0.953125
0.109375	0.968750
0.125000	0.984375
0.109375	0.984375
0.156250	0.828125
0.140625	0.828125
0.140625	0.843750
0.156250	0.859375
0.140625	0.859375
0.140625	0.875000
0.156250	0.890625
0.140625	0.890625
0.140625	0.906250
0.156250	0.921875
0.140625	0.921875
0.140625	0.937500
0.156250	0.953125
0.140625	0.953125
0.140625	0.968750
0.156250	0.984375
0.140625	0.984375
0.171875	0.828125
0.171875	0.843750
0.171875	0.859375
0.171875	0.875000
0.171875	0.890625
0.171875	0.906250
0.171875	0.921875
0.171875	0.937500
0.171875	0.953125
0.171875	0.968750
0.171875	0.984375
0.031250	0.781250
0.031250	0.750000
0.031250	0.718750
0.031250	0.687500
0.031250	0.656250
0.031250	0.625000
0.031250	0.593750
0.031250	0.562500
0.031250	0.531250
0.031250	0.500000
0.031250	0.468750
0.031250	0.437500
0.031250	0.406250
0.031250	0.375000
0.031250	0.343750
0.031250	0.312500
0.031250	0.281250
0.031250	0.250000
0.031250	0.218750
0.062500	0.781250
0.062500	0.750000
0.062500	0.718750
0.062500	0.687500
0.062500	0.656250
0.062500	0.625000
0.062500	0.593750
0.062500	0.562500
0.062500	0.531250
0.062500	0.500000
0.062500	0.468750
0.062500	0.437500
0.062500	0.406250
0.062500	0.375000
0.062500	0.343750
0.062500	0.312500
0.062500	0.281250
0.062500	0.250000
0.062500	0.218750
0.093750	0.781250
0.093750	0.750000
0.093750	0.718750
0.093750	0.687500
0.093750	0.656250
0.093750	0.625000
0.093750	0.593750
0.093750	0.562500
0.093750	0.531250
0.093750	0.500000
0.093750	0.468750
0.093750	0.437500
0.093750	0.406250
0.093750	0.375000
0.093750	0.343750
0.093750	0.312500
0.093750	0.281250
0.093750	0.250000
0.093750	0.218750
0.125000	0.781250
0.125000	0.750000
0.125000	0.718750
0.125000	0.687500
0.125000	0.656250
0.125000	0.625000
0.125000	0.593750
0.125000	0.562500
0.125000	0.531250
0.125000	0.500000
0.125000	0.468750
0.125000	0.437500
0.125000	0.406250
0.125000	0.375000
0.125000	0.343750
0.125000	0.312500
0.125000	0.281250
0.125000	0.250000
0.125000	0.218750
0.156250	0.781250
0.156250	0.750000
0.156250	0.718750
0.156250	0.687500
0.156250	0.656250
0.156250	0.625000
0.156250	0.593750
0.156250	0.562500
0.156250	0.531250
0.156250	0.500000
0.156250	0.468750
0.156250	0.437500
0.156250	0.406250
0.156250	0.375000
0.156250	0.343750
0.156250	0.312500
0.156250	0.281250
0.156250	0.250000
0.156250	0.218750
0.015625	0.796875
0.015625	0.781250
0.031250	0.796875
0.015625	0.765625
0.015625	0.750000
0.031250	0.765625
0.015625	0.734375
0.015625	0.718750
0.031250	0.734375
0.015625	0.703125
0.015625	0.687500
0.031250	0.703125
0.015625	0.671875
0.015625	0.656250
0.031250	0.671875
0.015625	0.640625
0.015625	0.625000
0.031250	0.640625
0.015625	0.609375
0.015625	0.593750
0.031250	0.609375
0.015625	0.578125
0.015625	0.562500
0.031250	0.578125
0.015625	0.546875
0.015625	0.531250
0.031250	0.546875
0.015625	0.515625
0.015625	0.500000
0.031250	0.515625
0.015625	0.484375
0.015625	0.468750
0.031250	0.484375
0.015625	0.453125
0.015625	0.437500
0.031250	0.453125
0.015625	0.421875
0.015625	0.406250
0.031250	0.421875
0.015625	0.390625
0.015625	0.375000
0.031250	0.390625
0.015625	0.359375
0.015625	0.343750
0.031250	0.359375
0.015625	0.328125
0.015625	0.312500
0.031250	0.328125
0.015625	0.296875
0.015625	0.281250
0.031250	0.296875
0.015625	0.265625
0.015625	0.250000
0.031250	0.265625
0.015625	0.234375
0.015625	0.218750
0.031250	0.234375
0.015625	0.203125
0.031250	0.203125
0.046875	0.796875
0.046875	0.781250
0.062500	0.796875
0.046875	0.765625
0.046875	0.750000
0.062500	0.765625
0.046875	0.734375
0.046875	0.718750
0.062500	0.734375
0.046875	0.703125
0.046875	0.687500
0.062500	0.703125
0.046875	0.671875
0.046875	0.656250
0.062500	0.671875
0.046875	0.640625
0.046875	0.625000
0.062500	0.640625
0.046875	0.609375
0.046875	0.593750
0.062500	0.609375
0.046875	0.578125
0.046875	0.562500
0.062500	0.578125
0.046875	0.546875
0.046875	0.531250
0.062500	0.546875
0.046875	0.515625
0.046875	0.500000
0.062500	0.515625
0.046875	0.484375
0.046875	0.468750
0.062500	0.484375
0.046875	0.453125
0.046875	0.437500
0.062500	0.453125
0.046875	0.421875
0.046875	0.406250
0.062500	0.421875
0.046875	0.390625
0.046875	0.375000
0.062500	0.390625
0.046875	0.359375
0.046875	0.343750
0.062500	0.359375
0.046875	0.328125
0.046875	0.312500
0.062500	0.328125
0.046875	0.296875
0.046875	0.281250
0.062500	0.296875
0.046875	0.265625
0.046875	0.250000
0.062500	0.265625
0.046875	0.234375
0.046875	0.218750
0.062500	0.234375
0.046875	0.203125
0.062500	0.203125
0.078125	0.796875
0.078125	0.781250
0.093750	0.796875
0.078125	0.765625
0.078125	0.750000
0.093750	0.765625
0.078125	0.734375
0.078125	0.718750
0.093750	0.734375
0.078125	0.703125
0.078125	0.687500
0.093750	0.703125
0.078125	0.671875
0.078125	0.656250
0.093750	0.671875
0.078125	0.640625
0.078125	0.625000
0.093750	0.640625
0.078125	0.609375
0.078125	0.593750
0.093750	0.609375
0.078125	0.578125
0.078125	0.562500
0.093750	0.578125
0.078125	0.546875
0.078125	0.531250
0.093750	0.546875
0.078125	0.515625
0.078125	0.500000
0.093750	0.515625
0.078125	0.484375
0.078125	0.468750
0.093750	0.484375
0.078125	0.453125
0.078125	0.437500
0.093750	0.453125
0.078125	0.421875
0.078125	0.406250
0.093750	0.421875
0.078125	0.390625
0.078125	0.375000
0.093750	0.390625
0.078125	0.359375
0.078125	0.343750
0.093750	0.359375
0.078125	0.328125
0.078125	0.312500
0.093750	0.328125
0.078125	0.296875
0.078125	0.281250
0.093750	0.296875
0.078125	0.265625
0.078125	0.250000
0.093750	0.265625
0.078125	0.234375
0.078125	0.218750
0.093750	0.234375
0.078125	0.203125
0.093750	0.203125
0.109375	0.796875
0.109375	0.781250
0.125000	0.796875
0.109375	0.765625
0.109375	0.750000
0.125000	0.765625
0.109375	0.734375
0.109375	0.718750
0.125000	0.734375
0.109375	0.703125
0.109375	0.687500
0.125000	0.703125
0.109375	0.671875
0.109375	0.656250
0.125000	0.671875
0.109375	0.640625
0.109375	0.625000
0.125000	0.640625
0.109375	0.609375
0.109375	0.593750
0.125000	0.609375
0.109375	0.578125
0.109375	0.562500
0.125000	0.578125
0.109375	0.546875
0.109375	0.531250
0.125000	0.546875
0.109375	0.515625
0.109375	0.500000
0.125000	0.515625
0.109375	0.484375
0.109375	0.468750
0.125000	0.484375
0.109375	0.453125
0.109375	0.437500
0.125000	0.453125
0.109375	0.421875
0.109375	0.406250
0.125000	0.421875
0.109375	0.390625
0.109375	0.375000
0.125000	0.390625
0.109375	0.359375
0.109375	0.343750
0.125000	0.359375
0.109375	0.328125
0.109375	0.312500
0.125000	0.328125
0.109375	0.296875
0.109375	0.281250
0.125000	0.296875
0.109375	0.265625
0.109375	0.250000
0.125000	0.265625
0.109375	0.234375
0.109375	0.218750
0.125000	0.234375
0.109375	0.203125
0.125000	0.203125
0.140625	0.796875
0.140625	0.781250
0.156250	0.796875
0.140625	0.765625
0.140625	0.750000
0.156250	0.765625
0.140625	0.734375
0.140625	0.718750
0.156250	0.734375
0.140625	0.703125
0.140625	0.687500
0.156250	0.703125
0.140625	0.671875
0.140625	0.656250
0.156250	0.671875
0.140625	0.640625
0.140625	0.625000
0.156250	0.640625
0.140625	0.609375
0.140625	0.593750
0.156250	0.609375
0.140625	0.578125
0.140625	0.562500
0.156250	0.578125
0.140625	0.546875
0.140625	0.531250
0.156250	0.546875
0.140625	0.515625
0.140625	0.500000
0.156250	0.515625
0.140625	0.484375
0.140625	0.468750
0.156250	0.484375
0.140625	0.453125
0.140625	0.437500
0.156250	0.453125
0.140625	0.421875
0.140625	0.406250
0.156250	0.421875
0.140625	0.390625
0.140625	0.375000
0.156250	0.390625
0.140625	0.359375
0.140625	0.343750
0.156250	0.359375
0.140625	0.328125
0.140625	0.312500
0.156250	0.328125
0.140625	0.296875
0.140625	0.281250
0.156250	0.296875
0.140625	0.265625
0.140625	0.250000
0.156250	0.265625
0.140625	0.234375
0.140625	0.218750
0.156250	0.234375
0.140625	0.203125
0.156250	0.203125
0.171875	0.796875
0.171875	0.781250
0.171875	0.765625
0.171875	0.750000
0.171875	0.734375
0.171875	0.718750
0.171875	0.703125
0.171875	0.687500
0.171875	0.671875
0.171875	0.656250
0.171875	0.640625
0.171875	0.625000
0.171875	0.609375
0.171875	0.593750
0.171875	0.578125
0.171875	0.562500
0.171875	0.546875
0.171875	0.531250
0.171875	0.515625
0.171875	0.500000
0.171875	0.484375
0.171875	0.468750
0.171875	0.453125
0.171875	0.437500
0.171875	0.421875
0.171875	0.406250
0.171875	0.390625
0.171875	0.375000
0.171875	0.359375
0.171875	0.343750
0.171875	0.328125
0.171875	0.312500
0.171875	0.296875
0.171875	0.281250
0.171875	0.265625
0.171875	0.250000
0.171875	0.234375
0.171875	0.218750
0.171875	0.203125

--------------------------------------------------------------------------------
ELEMENT CONNECTIVITY
--------------------------------------------------------------------------------
4	50	43	55	530	49
43	50	505	530	531	532
43	505	42	532	533	48
42	505	506	533	534	535
42	506	41	535	536	47
41	506	507	536	537	538
41	507	40	538	539	46
40	507	508	539	540	541
40	508	39	541	542	45
39	508	509	542	543	544
39	509	3	544	545	44
3	509	32	545	546	38
50	51	505	56	547	531
505	51	510	547	548	549
505	510	506	549	550	534
506	510	511	550	551	552
506	511	507	552	553	537
507	511	512	553	554	555
507	512	508	555	556	540
508	512	513	556	557	558
508	513	509	558	559	543
509	513	514	559	560	561
509	514	32	561	562	546
32	514	31	562	563	37
51	52	510	57	564	548
510	52	515	564	565	566
510	515	511	566	567	551
511	515	516	567	568	569
511	516	512	569	570	554
512	516	517	570	571	572
512	517	513	572	573	557
513	517	518	573	574	575
513	518	514	575	576	560
514	518	519	576	577	578
514	519	31	578	579	563
31	519	30	579	580	36
52	53	515	58	581	565
515	53	520	581	582	583
515	520	516	583	584	568
516	520	521	584	585	586
516	521	517	586	587	571
517	521	522	587	588	589
517	522	518	589	590	574
518	522	523	590	591	592
518	523	519	592	593	577
519	523	524	593	594	595
519	524	30	595	596	580
30	524	29	596	597	35
53	54	520	59	598	582
520	54	525	598	599	600
520	525	521	600	601	585
521	525	526	601	602	603
521	526	522	603	604	588
522	526	527	604	605	606
522	527	523	606	607	591
523	527	528	607	608	609
523	528	524	609	610	594
524	528	529	610	611	612
524	529	29	612	613	597
29	529	28	613	614	34
54	1	525	60	615	599
525	1	17	615	22	616
525	17	526	616	617	602
526	17	18	617	23	618
526	18	527	618	619	605
527	18	19	619	24	620
527	19	528	620	621	608
528	19	20	621	25	622
528	20	529	622	623	611
529	20	21	623	26	624
529	21	28	624	625	614
28	21	2	625	27	33
2	626	28	721	722	33
626	2	61	721	80	723
61	627	626	724	725	723
627	61	62	724	81	726
62	628	627	727	728	726
628	62	63	727	82	729
63	629	628	730	731	729
629	63	64	730	83	732
64	630	629	733	734	732
630	64	65	733	84	735
65	631	630	736	737	735
631	65	66	736	85	738
66	632	631	739	740	738
632	66	67	739	86	741
67	633	632	742	743	741
633	67	68	742	87	744
68	634	633	745	746	744
634	68	69	745	88	747
69	635	634	748	749	747
635	69	70	748	89	750
70	636	635	751	752	750
636	70	71	751	90	753
71	637	636	754	755	753
637	71	72	754	91	756
72	638	637	757	758	756
638	72	73	757	92	759
73	639	638	760	761	759
639	73	74	760	93	762
74	640	639	763	764	762
640	74	75	763	94	765
75	641	640	766	767	765
641	75	76	766	95	768
76	642	641	769	770	768
642	76	77	769	96	771
77	643	642	772	773	771
643	77	78	772	97	774
78	644	643	775	776	774
644	78	79	775	98	777
79	100	644	778	779	777
100	79	5	778	99	105
28	645	29	780	781	34
645	28	626	780	722	782
626	646	645	783	784	782
646	626	627	783	725	785
627	647	646	786	787	785
647	627	628	786	728	788
628	648	647	789	790	788
648	628	629	789	731	791
629	649	648	792	793	791
649	629	630	792	734	794
630	650	649	795	796	794
650	630	631	795	737	797
631	651	650	798	799	797
651	631	632	798	740	800
632	652	651	801	802	800
652	632	633	801	743	803
633	653	652	804	805	803
653	633	634	804	746	806
634	654	653	807	808	806
654	634	635	807	749	809
635	655	654	810	811	809
655	635	636	810	752	812
636	656	655	813	814	812
656	636	637	813	755	815
637	657	656	816	817	815
657	637	638	816	758	818
638	658	657	819	820	818
658	638	639	819	761	821
639	659	658	822	823	821
659	639	640	822	764	824
640	660	659	825	826	824
660	640	641	825	767	827
641	661	660	828	829	827
661	641	642	828	770	830
642	662	661	831	832	830
662	642	643	831	773	833
643	663	662	834	835	833
663	643	644	834	776	836
644	101	663	837	838	836
101	644	100	837	779	106
29	664	30	839	840	35
664	29	645	839	781	841
645	665	664	842	843	841
665	645	646	842	784	844
646	666	665	845	846	844
666	646	647	845	787	847
647	667	666	848	849	847
667	647	648	848	790	850
648	668	667	851	852	850
668	648	649	851	793	853
649	669	668	854	855	853
669	649	650	854	796	856
650	670	669	857	858	856
670	650	651	857	799	859
651	671	670	860	861	859
671	651	652	860	802	862
652	672	671	863	864	862
672	652	653	863	805	865
653	673	672	866	867	865
673	653	654	866	808	868
654	674	673	869	870	868
674	654	655	869	811	871
655	675	674	872	873	871
675	655	656	872	814	874
656	676	675	875	876	874
676	656	657	875	817	877
657	677	676	878	879	877
677	657	658	878	820	880
658	678	677	881	882	880
678	658	659	881	823	883
659	679	678	884	885	883
679	659	660	884	826	886
660	680	679	887	888	886
680	660	661	887	829	889
661	681	680	890	891	889
681	661	662	890	832	892
662	682	681	893	894	892
682	662	663	893	835	895
663	102	682	896	897	895
102	663	101	896	838	107
30	683	31	898	899	36
683	30	664	898	840	900
664	684	683	901	902	900
684	664	665	901	843	903
665	685	684	904	905	903
685	665	666	904	846	906
666	686	685	907	908	906
686	666	667	907	849	909
667	687	686	910	911	909
687	667	668	910	852	912
668	688	687	913	914	912
688	668	669	913	855	915
669	689	688	916	917	915
689	669	670	916	858	918
670	690	689	919	920	918
690	670	671	919	861	921
671	691	690	922	923	921
691	671	672	922	864	924
672	692	691	925	926	924
692	672	673	925	867	927
673	693	692	928	929	927
693	673	674	928	870	930
674	694	693	931	932	930
694	674	675	931	873	933
675	695	694	934	935	933
695	675	676	934	876	936
676	696	695	937	938	936
696	676	677	937	879	939
677	697	696	940	941	939
697	677	678	940	882	942
678	698	697	943	944	942
698	678	679	943	885	945
679	699	698	946	947	945
699	679	680	946	888	948
680	700	699	949	950	948
700	680	681	949	891	951
681	701	700	952	953	951
701	681	682	952	894	954
682	103	701	955	956	954
103	682	102	955	897	108
31	702	32	957	958	37
702	31	683	957	899	959
683	703	702	960	961	959
703	683	684	960	902	962
684	704	703	963	964	962
704	684	685	963	905	965
685	705	704	966	967	965
705	685	686	966	908	968
686	706	705	969	970	968
706	686	687	969	911	971
687	707	706	972	973	971
707	687	688	972	914	974
688	708	707	975	976	974
708	688	689	975	917	977
689	709	708	978	979	977
709	689	690	978	920	980
690	710	709	981	982	980
710	690	691	981	923	983
691	711	710	984	985	983
711	691	692	984	926	986
692	712	711	987	988	986
712	692	693	987	929	989
693	713	712	990	991	989
713	693	694	990	932	992
694	714	713	993	994	992
714	694	695	993	935	995
695	715	714	996	997	995
715	695	696	996	938	998
696	716	715	999	1000	998
716	696	697	999	941	1001
697	717	716	1002	1003	1001
717	697	698	1002	944	1004
698	718	717	1005	1006	1004
718	698	699	1005	947	1007
699	719	718	1008	1009	1007
719	699	700	1008	950	1010
700	720	719	1011	1012	1010
720	700	701	1011	953	1013
701	104	720	1014	1015	1013
104	701	103	1014	956	109
32	129	3	1016	149	38
129	32	702	1016	958	1017
702	128	129	1018	148	1017
128	702	703	1018	961	1019
703	127	128	1020	147	1019
127	703	704	1020	964	1021
704	126	127	1022	146	1021
126	704	705	1022	967	1023
705	125	126	1024	145	1023
125	705	706	1024	970	1025
706	124	125	1026	144	1025
124	706	707	1026	973	1027
707	123	124	1028	143	1027
123	707	708	1028	976	1029
708	122	123	1030	142	1029
122	708	709	1030	979	1031
709	121	122	1032	141	1031
121	709	710	1032	982	1033
710	120	121	1034	140	1033
120	710	711	1034	985	1035
711	119	120	1036	139	1035
119	711	712	1036	988	1037
712	118	119	1038	138	1037
118	712	713	1038	991	1039
713	117	118	1040	137	1039
117	713	714	1040	994	1041
714	116	117	1042	136	1041
116	714	715	1042	997	1043
715	115	116	1044	135	1043
115	715	716	1044	1000	1045
716	114	115	1046	134	1045
114	716	717	1046	1003	1047
717	113	114	1048	133	1047
113	717	718	1048	1006	1049
718	112	113	1050	132	1049
112	718	719	1050	1009	1051
719	111	112	1052	131	1051
111	719	720	1052	1012	1053
720	6	111	1054	130	1053
6	720	104	1054	1015	110
5	1055	100	1080	1081	105
1055	5	150	1080	155	1082
150	1056	1055	1083	1084	1082
1056	150	151	1083	156	1085
151	1057	1056	1086	1087	1085
1057	151	152	1086	157	1088
152	1058	1057	1089	1090	1088
1058	152	153	1089	158	1091
153	1059	1058	1092	1093	1091
1059	153	154	1092	159	1094
154	161	1059	1095	1096	1094
161	154	8	1095	160	166
100	1060	101	1097	1098	106
1060	100	1055	1097	1081	1099
1055	1061	1060	1100	1101	1099
1061	1055	1056	1100	1084	1102
1056	1062	1061	1103	1104	1102
1062	1056	1057	1103	1087	1105
1057	1063	1062	1106	1107	1105
1063	1057	1058	1106	1090	1108
1058	1064	1063	1109	1110	1108
1064	1058	1059	1109	1093	1111
1059	162	1064	1112	1113	1111
162	1059	161	1112	1096	167
101	1065	102	1114	1115	107
1065	101	1060	1114	1098	1116
1060	1066	1065	1117	1118	1116
1066	1060	1061	1117	1101	1119
1061	1067	1066	1120	1121	1119
1067	1061	1062	1120	1104	1122
1062	1068	1067	1123	1124	1122
1068	1062	1063	1123	1107	1125
1063	1069	1068	1126	1127	1125
1069	1063	1064	1126	1110	1128
1064	163	1069	1129	1130	1128
163	1064	162	1129	1113	168
102	1070	103	1131	1132	108
1070	102	1065	1131	1115	1133
1065	1071	1070	1134	1135	1133
1071	1065	1066	1134	1118	1136
1066	1072	1071	1137	1138	1136
1072	1066	1067	1137	1121	1139
1067	1073	1072	1140	1141	1139
1073	1067	1068	1140	1124	1142
1068	1074	1073	1143	1144	1142
1074	1068	1069	1143	1127	1145
1069	164	1074	1146	1147	1145
164	1069	163	1146	1130	169
103	1075	104	1148	1149	109
1075	103	1070	1148	1132	1150
1070	1076	1075	1151	1152	1150
1076	1070	1071	1151	1135	1153
1071	1077	1076	1154	1155	1153
1077	1071	1072	1154	1138	1156
1072	1078	1077	1157	1158	1156
1078	1072	1073	1157	1141	1159
1073	1079	1078	1160	1161	1159
1079	1073	1074	1160	1144	1162
1074	165	1079	1163	1164	1162
165	1074	164	1163	1147	170
104	176	6	1165	182	110
176	104	1075	1165	1149	1166
1075	175	176	1167	181	1166
175	1075	1076	1167	1152	1168
1076	174	175	1169	180	1168
174	1076	1077	1169	1155	1170
1077	173	174	1171	179	1170
173	1077	1078	1171	1158	1172
1078	172	173	1173	178	1172
172	1078	1079	1173	1161	1174
1079	7	172	1175	177	1174
7	1079	165	1175	1164	171
10	233	226	252	1271	232
226	233	1176	1271	1272	1273
226	1176	225	1273	1274	231
225	1176	1177	1274	1275	1276
225	1177	224	1276	1277	230
224	1177	1178	1277	1278	1279
224	1178	223	1279	1280	229
223	1178	1179	1280	1281	1282
223	1179	222	1282	1283	228
222	1179	1180	1283	1284	1285
222	1180	9	1285	1286	227
9	1180	201	1286	1287	221
233	234	1176	253	1288	1272
1176	234	1181	1288	1289	1290
1176	1181	1177	1290	1291	1275
1177	1181	1182	1291	1292	1293
1177	1182	1178	1293	1294	1278
1178	1182	1183	1294	1295	1296
1178	1183	1179	1296	1297	1281
1179	1183	1184	1297	1298	1299
1179	1184	1180	1299	1300	1284
1180	1184	1185	1300	1301	1302
1180	1185	201	1302	1303	1287
201	1185	200	1303	1304	220
234	235	1181	254	1305	1289
1181	235	1186	1305	1306	1307
1181	1186	1182	1307	1308	1292
1182	1186	1187	1308	1309	1310
1182	1187	1183	1310	1311	1295
1183	1187	1188	1311	1312	1313
1183	1188	1184	1313	1314	1298
1184	1188	1189	1314	1315	1316
1184	1189	1185	1316	1317	1301
1185	1189	1190	1317	1318	1319
1185	1190	200	1319	1320	1304
200	1190	199	1320	1321	219
235	236	1186	255	1322	1306
1186	236	1191	1322	1323	1324
1186	1191	1187	1324	1325	1309
1187	1191	1192	1325	1326	1327
1187	1192	1188	1327	1328	1312
1188	1192	1193	1328	1329	1330
1188	1193	1189	1330	1331	1315
1189	1193	1194	1331	1332	1333
1189	1194	1190	1333	1334	1318
1190	1194	1195	1334	1335	1336
1190	1195	199	1336	1337	1321
199	1195	198	1337	1338	218
236	237	1191	256	1339	1323
1191	237	1196	1339	1340	1341
1191	1196	1192	1341	1342	1326
1192	1196	1197	1342	1343	1344
1192	1197	1193	1344	1345	1329
1193	1197	1198	1345	1346	1347
1193	1198	1194	1347	1348	1332
1194	1198	1199	1348	1349	1350
1194	1199	1195	1350	1351	1335
1195	1199	1200	1351	1352	1353
1195	1200	198	1353	1354	1338
198	1200	197	1354	1355	217
237	238	1196	257	1356	1340
1196	238	1201	1356	1357	1358
1196	1201	1197	1358	1359	1343
1197	1201	1202	1359	1360	1361
1197	1202	1198	1361	1362	1346
1198	1202	1203	1362	1363	1364
1198	1203	1199	1364	1365	1349
1199	1203	1204	1365	1366	1367
1199	1204	1200	1367	1368	1352
1200	1204	1205	1368	1369	1370
1200	1205	197	1370	1371	1355
197	1205	196	1371	1372	216
238	239	1201	258	1373	1357
1201	239	1206	1373	1374	1375
1201	1206	1202	1375	1376	1360
1202	1206	1207	1376	1377	1378
1202	1207	1203	1378	1379	1363
1203	1207	1208	1379	1380	1381
1203	1208	1204	1381	1382	1366
1204	1208	1209	1382	1383	1384
1204	1209	1205	1384	1385	1369
1205	1209	1210	1385	1386	1387
1205	1210	196	1387	1388	1372
196	1210	195	1388	1389	215
239	240	1206	259	1390	1374
1206	240	1211	1390	1391	1392
1206	1211	1207	1392	1393	1377
1207	1211	1212	1393	1394	1395
1207	1212	1208	1395	1396	1380
1208	1212	1213	1396	1397	1398
1208	1213	1209	1398	1399	1383
1209	1213	1214	1399	1400	1401
1209	1214	1210	1401	1402	1386
1210	1214	1215	1402	1403	1404
1210	1215	195	1404	1405	1389
195	1215	194	1405	1406	214
240	241	1211	260	1407	1391
1211	241	1216	1407	1408	1409
1211	1216	1212	1409	1410	1394
1212	1216	1217	1410	1411	1412
1212	1217	1213	1412	1413	1397
1213	1217	1218	1413	1414	1415
1213	1218	1214	1415	1416	1400
1214	1218	1219	1416	1417	1418
1214	1219	1215	1418	1419	1403
1215	1219	1220	1419	1420	1421
1215	1220	194	1421	1422	1406
194	1220	193	1422	1423	213
241	242	1216	261	1424	1408
1216	242	1221	1424	1425	1426
1216	1221	1217	1426	1427	1411
1217	1221	1222	1427	1428	1429
1217	1222	1218	1429	1430	1414
1218	1222	1223	1430	1431	1432
1218	1223	1219	1432	1433	1417
1219	1223	1224	1433	1434	1435
1219	1224	1220	1435	1436	1420
1220	1224	1225	1436	1437	1438
1220	1225	193	1438	1439	1423
193	1225	192	1439	1440	212
242	243	1221	262	1441	1425
1221	243	1226	1441	1442	1443
1221	1226	1222	1443	1444	1428
1222	1226	1227	1444	1445	1446
1222	1227	1223	1446	1447	1431
1223	1227	1228	1447	1448	1449
1223	1228	1224	1449	1450	1434
1224	1228	1229	1450	1451	1452
1224	1229	1225	1452	1453	1437
1225	1229	1230	1453	1454	1455
1225	1230	192	1455	1456	1440
192	1230	191	1456	1457	211
243	244	1226	263	1458	1442
1226	244	1231	1458	1459	1460
1226	1231	1227	1460	1461	1445
1227	1231	1232	1461	1462	1463
1227	1232	1228	1463	1464	1448
1228	1232	1233	1464	1465	1466
1228	1233	1229	1466	1467	1451
1229	1233	1234	1467	1468	1469
1229	1234	1230	1469	1470	1454
1230	1234	1235	1470	1471	1472
1230	1235	191	1472	1473	1457
191	1235	190	1473	1474	210
244	245	1231	264	1475	1459
1231	245	1236	1475	1476	1477
1231	1236	1232	1477	1478	1462
1232	1236	1237	1478	1479	1480
1232	1237	1233	1480	1481	1465
1233	1237	1238	1481	1482	1483
1233	1238	1234	1483	1484	1468
1234	1238	1239	1484	1485	1486
1234	1239	1235	1486	1487	1471
1235	1239	1240	1487	1488	1489
1235	1240	190	1489	1490	1474
190	1240	189	1490	1491	209
245	246	1236	265	1492	1476
1236	246	1241	1492	1493	1494
1236	1241	1237	1494	1495	1479
1237	1241	1242	1495	1496	1497
1237	1242	1238	1497	1498	1482
1238	1242	1243	1498	1499	1500
1238	1243	1239	1500	1501	1485
1239	1243	1244	1501	1502	1503
1239	1244	1240	1503	1504	1488
1240	1244	1245	1504	1505	1506
1240	1245	189	1506	1507	1491
189	1245	188	1507	1508	208
246	247	1241	266	1509	1493
1241	247	1246	1509	1510	1511
1241	1246	1242	1511	1512	1496
1242	1246	1247	1512	1513	1514
1242	1247	1243	1514	1515	1499
1243	1247	1248	1515	1516	1517
1243	1248	1244	1517	1518	1502
1244	1248	1249	1518	1519	1520
1244	1249	1245	1520	1521	1505
1245	1249	1250	1521	1522	1523
1245	1250	188	1523	1524	1508
188	1250	187	1524	1525	207
247	248	1246	267	1526	1510
1246	248	1251	1526	1527	1528
1246	1251	1247	1528	1529	1513
1247	1251	1252	1529	1530	1531
1247	1252	1248	1531	1532	1516
1248	1252	1253	1532	1533	1534
1248	1253	1249	1534	1535	1519
1249	1253	1254	1535	1536	1537
1249	1254	1250	1537	1538	1522
1250	1254	1255	1538	1539	1540
1250	1255	187	1540	1541	1525
187	1255	186	1541	1542	206
248	249	1251	268	1543	1527
1251	249	1256	1543	1544	1545
1251	1256	1252	1545	1546	1530
1252	1256	1257	1546	1547	1548
1252	1257	1253	1548	1549	1533
1253	1257	1258	1549	1550	1551
1253	1258	1254	1551	1552	1536
1254	1258	1259	1552	1553	1554
1254	1259	1255	1554	1555	1539
1255	1259	1260	1555	1556	1557
1255	1260	186	1557	1558	1542
186	1260	185	1558	1559	205
249	250	1256	269	1560	1544
1256	250	1261	1560	1561	1562
1256	1261	1257	1562	1563	1547
1257	1261	1262	1563	1564	1565
1257	1262	1258	1565	1566	1550
1258	1262	1263	1566	1567	1568
1258	1263	1259	1568	1569	1553
1259	1263	1264	1569	1570	1571
1259	1264	1260	1571	1572	1556
1260	1264	1265	1572	1573	1574
1260	1265	185	1574	1575	1559
185	1265	184	1575	1576	204
250	251	1261	270	1577	1561
1261	251	1266	1577	1578	1579
1261	1266	1262	1579	1580	1564
1262	1266	1267	1580	1581	1582
1262	1267	1263	1582	1583	1567
1263	1267	1268	1583	1584	1585
1263	1268	1264	1585	1586	1570
1264	1268	1269	1586	1587	1588
1264	1269	1265	1588	1589	1573
1265	1269	1270	1589	1590	1591
1265	1270	184	1591	1592	1576
184	1270	183	1592	1593	203
251	6	1266	271	1594	1578
1266	6	176	1594	182	1595
1266	176	1267	1595	1596	1581
1267	176	175	1596	181	1597
1267	175	1268	1597	1598	1584
1268	175	174	1598	180	1599
1268	174	1269	1599	1600	1587
1269	174	173	1600	179	1601
1269	173	1270	1601	1602	1590
1270	173	172	1602	178	1603
1270	172	183	1603	1604	1593
183	172	7	1604	177	202
11	294	287	299	1630	293
287	294	1605	1630	1631	1632
287	1605	286	1632	1633	292
286	1605	1606	1633	1634	1635
286	1606	285	1635	1636	291
285	1606	1607	1636	1637	1638
285	1607	284	1638	1639	290
284	1607	1608	1639	1640	1641
284	1608	283	1641	1642	289
283	1608	1609	1642	1643	1644
283	1609	12	1644	1645	288
12	1609	276	1645	1646	282
294	295	1605	300	1647	1631
1605	295	1610	1647	1648	1649
1605	1610	1606	1649	1650	1634
1606	1610	1611	1650	1651	1652
1606	1611	1607	1652	1653	1637
1607	1611	1612	1653	1654	1655
1607	1612	1608	1655	1656	1640
1608	1612	1613	1656	1657	1658
1608	1613	1609	1658	1659	1643
1609	1613	1614	1659	1660	1661
1609	1614	276	1661	1662	1646
276	1614	275	1662	1663	281
295	296	1610	301	1664	1648
1610	296	1615	1664	1665	1666
1610	1615	1611	1666	1667	1651
1611	1615	1616	1667	1668	1669
1611	1616	1612	1669	1670	1654
1612	1616	1617	1670	1671	1672
1612	1617	1613	1672	1673	1657
1613	1617	1618	1673	1674	1675
1613	1618	1614	1675	1676	1660
1614	1618	1619	1676	1677	1678
1614	1619	275	1678	1679	1663
275	1619	274	1679	1680	280
296	297	1615	302	1681	1665
1615	297	1620	1681	1682	1683
1615	1620	1616	1683	1684	1668
1616	1620	1621	1684	1685	1686
1616	1621	1617	1686	1687	1671
1617	1621	1622	1687	1688	1689
1617	1622	1618	1689	1690	1674
1618	1622	1623	1690	1691	1692
1618	1623	1619	1692	1693	1677
1619	1623	1624	1693	1694	1695
1619	1624	274	1695	1696	1680
274	1624	273	1696	1697	279
297	298	1620	303	1698	1682
1620	298	1625	1698	1699	1700
1620	1625	1621	1700	1701	1685
1621	1625	1626	1701	1702	1703
1621	1626	1622	1703	1704	1688
1622	1626	1627	1704	1705	1706
1622	1627	1623	1706	1707	1691
1623	1627	1628	1707	1708	1709
1623	1628	1624	1709	1710	1694
1624	1628	1629	1710	1711	1712
1624	1629	273	1712	1713	1697
273	1629	272	1713	1714	278
298	10	1625	304	1715	1699
1625	10	226	1715	232	1716
1625	226	1626	1716	1717	1702
1626	226	225	1717	231	1718
1626	225	1627	1718	1719	1705
1627	225	224	1719	230	1720
1627	224	1628	1720	1721	1708
1628	224	223	1721	229	1722
1628	223	1629	1722	1723	1711
1629	223	222	1723	228	1724
1629	222	272	1724	1725	1714
272	222	9	1725	227	277
15	355	1726	374	1821	1822
1726	348	15	1823	354	1822
348	1726	1727	1823	1824	1825
1727	347	348	1826	353	1825
347	1727	1728	1826	1827	1828
1728	346	347	1829	352	1828
346	1728	1729	1829	1830	1831
1729	345	346	1832	351	1831
345	1729	1730	1832	1833	1834
1730	344	345	1835	350	1834
344	1730	323	1835	1836	1837
323	16	344	343	349	1837
355	356	1731	375	1838	1839
1731	1726	355	1840	1821	1839
1726	1731	1732	1840	1841	1842
1732	1727	1726	1843	1824	1842
1727	1732	1733	1843	1844	1845
1733	1728	1727	1846	1827	1845
1728	1733	1734	1846	1847	1848
1734	1729	1728	1849	1830	1848
1729	1734	1735	1849	1850	1851
1735	1730	1729	1852	1833	1851
1730	1735	322	1852	1853	1854
322	323	1730	342	1836	1854
356	357	1736	376	1855	1856
1736	1731	356	1857	1838	1856
1731	1736	1737	1857	1858	1859
1737	1732	1731	1860	1841	1859
1732	1737	1738	1860	1861	1862
1738	1733	1732	1863	1844	1862
1733	1738	1739	1863	1864	1865
1739	1734	1733	1866	1847	1865
1734	1739	1740	1866	1867	1868
1740	1735	1734	1869	1850	1868
1735	1740	321	1869	1870	1871
321	322	1735	341	1853	1871
357	358	1741	377	1872	1873
1741	1736	357	1874	1855	1873
1736	1741	1742	1874	1875	1876
1742	1737	1736	1877	1858	1876
1737	1742	1743	1877	1878	1879
1743	1738	1737	1880	1861	1879
1738	1743	1744	1880	1881	1882
1744	1739	1738	1883	1864	1882
1739	1744	1745	1883	1884	1885
1745	1740	1739	1886	1867	1885
1740	1745	320	1886	1887	1888
320	321	1740	340	1870	1888
358	359	1746	378	1889	1890
1746	1741	358	1891	1872	1890
1741	1746	1747	1891	1892	1893
1747	1742	1741	1894	1875	1893
1742	1747	1748	1894	1895	1896
1748	1743	1742	1897	1878	1896
1743	1748	1749	1897	1898	1899
1749	1744	1743	1900	1881	1899
1744	1749	1750	1900	1901	1902
1750	1745	1744	1903	1884	1902
1745	1750	319	1903	1904	1905
319	320	1745	339	1887	1905
359	360	1751	379	1906	1907
1751	1746	359	1908	1889	1907
1746	1751	1752	1908	1909	1910
1752	1747	1746	1911	1892	1910
1747	1752	1753	1911	1912	1913
1753	1748	1747	1914	1895	1913
1748	1753	1754	1914	1915	1916
1754	1749	1748	1917	1898	1916
1749	1754	1755	1917	1918	1919
1755	1750	1749	1920	1901	1919
1750	1755	318	1920	1921	1922
318	319	1750	338	1904	1922
360	361	1756	380	1923	1924
1756	1751	360	1925	1906	1924
1751	1756	1757	1925	1926	1927
1757	1752	1751	1928	1909	1927
1752	1757	1758	1928	1929	1930
1758	1753	1752	1931	1912	1930
1753	1758	1759	1931	1932	1933
1759	1754	1753	1934	1915	1933
1754	1759	1760	1934	1935	1936
1760	1755	1754	1937	1918	1936
1755	1760	317	1937	1938	1939
317	318	1755	337	1921	1939
361	362	1761	381	1940	1941
1761	1756	361	1942	1923	1941
1756	1761	1762	1942	1943	1944
1762	1757	1756	1945	1926	1944
1757	1762	1763	1945	1946	1947
1763	1758	1757	1948	1929	1947
1758	1763	1764	1948	1949	1950
1764	1759	1758	1951	1932	1950
1759	1764	1765	1951	1952	1953
1765	1760	1759	1954	1935	1953
1760	1765	316	1954	1955	1956
316	317	1760	336	1938	1956
362	363	1766	382	1957	1958
1766	1761	362	1959	1940	1958
1761	1766	1767	1959	1960	1961
1767	1762	1761	1962	1943	1961
1762	1767	1768	1962	1963	1964
1768	1763	1762	1965	1946	1964
1763	1768	1769	1965	1966	1967
1769	1764	1763	1968	1949	1967
1764	1769	1770	1968	1969	1970
1770	1765	1764	1971	1952	1970
1765	1770	315	1971	1972	1973
315	316	1765	335	1955	1973
363	364	1771	383	1974	1975
1771	1766	363	1976	1957	1975
1766	1771	1772	1976	1977	1978
1772	1767	1766	1979	1960	1978
1767	1772	1773	1979	1980	1981
1773	1768	1767	1982	1963	1981
1768	1773	1774	1982	1983	1984
1774	1769	1768	1985	1966	1984
1769	1774	1775	1985	1986	1987
1775	1770	1769	1988	1969	1987
1770	1775	314	1988	1989	1990
314	315	1770	334	1972	1990
364	365	1776	384	1991	1992
1776	1771	364	1993	1974	1992
1771	1776	1777	1993	1994	1995
1777	1772	1771	1996	1977	1995
1772	1777	1778	1996	1997	1998
1778	1773	1772	1999	1980	1998
1773	1778	1779	1999	2000	2001
1779	1774	1773	2002	1983	2001
1774	1779	1780	2002	2003	2004
1780	1775	1774	2005	1986	2004
1775	1780	313	2005	2006	2007
313	314	1775	333	1989	2007
365	366	1781	385	2008	2009
1781	1776	365	2010	1991	2009
1776	1781	1782	2010	2011	2012
1782	1777	1776	2013	1994	2012
1777	1782	1783	2013	2014	2015
1783	1778	1777	2016	1997	2015
1778	1783	1784	2016	2017	2018
1784	1779	1778	2019	2000	2018
1779	1784	1785	2019	2020	2021
1785	1780	1779	2022	2003	2021
1780	1785	312	2022	2023	2024
312	313	1780	332	2006	2024
366	367	1786	386	2025	2026
1786	1781	366	2027	2008	2026
1781	1786	1787	2027	2028	2029
1787	1782	1781	2030	2011	2029
1782	1787	1788	2030	2031	2032
1788	1783	1782	2033	2014	2032
1783	1788	1789	2033	2034	2035
1789	1784	1783	2036	2017	2035
1784	1789	1790	2036	2037	2038
1790	1785	1784	2039	2020	2038
1785	1790	311	2039	2040	2041
311	312	1785	331	2023	2041
367	368	1791	387	2042	2043
1791	1786	367	2044	2025	2043
1786	1791	1792	2044	2045	2046
1792	1787	1786	2047	2028	2046
1787	1792	1793	2047	2048	2049
1793	1788	1787	2050	2031	2049
1788	1793	1794	2050	2051	2052
1794	1789	1788	2053	2034	2052
1789	1794	1795	2053	2054	2055
1795	1790	1789	2056	2037	2055
1790	1795	310	2056	2057	2058
310	311	1790	330	2040	2058
368	369	1796	388	2059	2060
1796	1791	368	2061	2042	2060
1791	1796	1797	2061	2062	2063
1797	1792	1791	2064	2045	2063
1792	1797	1798	2064	2065	2066
1798	1793	1792	2067	2048	2066
1793	1798	1799	2067	2068	2069
1799	1794	1793	2070	2051	2069
1794	1799	1800	2070	2071	2072
1800	1795	1794	2073	2054	2072
1795	1800	309	2073	2074	2075
309	310	1795	329	2057	2075
369	370	1801	389	2076	2077
1801	1796	369	2078	2059	2077
1796	1801	1802	2078	2079	2080
1802	1797	1796	2081	2062	2080
1797	1802	1803	2081	2082	2083
1803	1798	1797	2084	2065	2083
1798	1803	1804	2084	2085	2086
1804	1799	1798	2087	2068	2086
1799	1804	1805	2087	2088	2089
1805	1800	1799	2090	2071	2089
1800	1805	308	2090	2091	2092
308	309	1800	328	2074	2092
370	371	1806	390	2093	2094
1806	1801	370	2095	2076	2094
1801	1806	1807	2095	2096	2097
1807	1802	1801	2098	2079	2097
1802	1807	1808	2098	2099	2100
1808	1803	1802	2101	2082	2100
1803	1808	1809	2101	2102	2103
1809	1804	1803	2104	2085	2103
1804	1809	1810	2104	2105	2106
1810	1805	1804	2107	2088	2106
1805	1810	307	2107	2108	2109
307	308	1805	327	2091	2109
371	372	1811	391	2110	2111
1811	1806	371	2112	2093	2111
1806	1811	1812	2112	2113	2114
1812	1807	1806	2115	2096	2114
1807	1812	1813	2115	2116	2117
1813	1808	1807	2118	2099	2117
1808	1813	1814	2118	2119	2120
1814	1809	1808	2121	2102	2120
1809	1814	1815	2121	2122	2123
1815	1810	1809	2124	2105	2123
1810	1815	306	2124	2125	2126
306	307	1810	326	2108	2126
372	373	1816	392	2127	2128
1816	1811	372	2129	2110	2128
1811	1816	1817	2129	2130	2131
1817	1812	1811	2132	2113	2131
1812	1817	1818	2132	2133	2134
1818	1813	1812	2135	2116	2134
1813	1818	1819	2135	2136	2137
1819	1814	1813	2138	2119	2137
1814	1819	1820	2138	2139	2140
1820	1815	1814	2141	2122	2140
1815	1820	305	2141	2142	2143
305	306	1815	325	2125	2143
373	10	298	393	304	2144
298	1816	373	2145	2127	2144
1816	298	297	2145	303	2146
297	1817	1816	2147	2130	2146
1817	297	296	2147	302	2148
296	1818	1817	2149	2133	2148
1818	296	295	2149	301	2150
295	1819	1818	2151	2136	2150
1819	295	294	2151	300	2152
294	1820	1819	2153	2139	2152
1820	294	11	2153	299	2154
11	305	1820	324	2142	2154
14	416	2155	421	2180	2181
2155	409	14	2182	415	2181
409	2155	2156	2182	2183	2184
2156	408	409	2185	414	2184
408	2156	2157	2185	2186	2187
2157	407	408	2188	413	2187
407	2157	2158	2188	2189	2190
2158	406	407	2191	412	2190
406	2158	2159	2191	2192	2193
2159	405	406	2194	411	2193
405	2159	398	2194	2195	2196
398	13	405	404	410	2196
416	417	2160	422	2197	2198
2160	2155	416	2199	2180	2198
2155	2160	2161	2199	2200	2201
2161	2156	2155	2202	2183	2201
2156	2161	2162	2202	2203	2204
2162	2157	2156	2205	2186	2204
2157	2162	2163	2205	2206	2207
2163	2158	2157	2208	2189	2207
2158	2163	2164	2208	2209	2210
2164	2159	2158	2211	2192	2210
2159	2164	397	2211	2212	2213
397	398	2159	403	2195	2213
417	418	2165	423	2214	2215
2165	2160	417	2216	2197	2215
2160	2165	2166	2216	2217	2218
2166	2161	2160	2219	2200	2218
2161	2166	2167	2219	2220	2221
2167	2162	2161	2222	2203	2221
2162	2167	2168	2222	2223	2224
2168	2163	2162	2225	2206	2224
2163	2168	2169	2225	2226	2227
2169	2164	2163	2228	2209	2227
2164	2169	396	2228	2229	2230
396	397	2164	402	2212	2230
418	419	2170	424	2231	2232
2170	2165	418	2233	2214	2232
2165	2170	2171	2233	2234	2235
2171	2166	2165	2236	2217	2235
2166	2171	2172	2236	2237	2238
2172	2167	2166	2239	2220	2238
2167	2172	2173	2239	2240	2241
2173	2168	2167	2242	2223	2241
2168	2173	2174	2242	2243	2244
2174	2169	2168	2245	2226	2244
2169	2174	395	2245	2246	2247
395	396	2169	401	2229	2247
419	420	2175	425	2248	2249
2175	2170	419	2250	2231	2249
2170	2175	2176	2250	2251	2252
2176	2171	2170	2253	2234	2252
2171	2176	2177	2253	2254	2255
2177	2172	2171	2256	2237	2255
2172	2177	2178	2256	2257	2258
2178	2173	2172	2259	2240	2258
2173	2178	2179	2259	2260	2261
2179	2174	2173	2262	2243	2261
2174	2179	394	2262	2263	2264
394	395	2174	400	2246	2264
420	15	348	426	354	2265
348	2175	420	2266	2248	2265
2175	348	347	2266	353	2267
347	2176	2175	2268	2251	2267
2176	347	346	2268	352	2269
346	2177	2176	2270	2254	2269
2177	346	345	2270	351	2271
345	2178	2177	2272	2257	2271
2178	345	344	2272	350	2273
344	2179	2178	2274	2260	2273
2179	344	16	2274	349	2275
16	394	2179	399	2263	2275
14	427	416	446	2371	421
427	2276	416	2372	2373	2371
427	428	2276	447	2374	2372
428	2277	2276	2375	2376	2374
428	429	2277	448	2377	2375
429	2278	2277	2378	2379	2377
429	430	2278	449	2380	2378
430	2279	2278	2381	2382	2380
430	431	2279	450	2383	2381
431	2280	2279	2384	2385	2383
431	432	2280	451	2386	2384
432	2281	2280	2387	2388	2386
432	433	2281	452	2389	2387
433	2282	2281	2390	2391	2389
433	434	2282	453	2392	2390
434	2283	2282	2393	2394	2392
434	435	2283	454	2395	2393
435	2284	2283	2396	2397	2395
435	436	2284	455	2398	2396
436	2285	2284	2399	2400	2398
436	437	2285	456	2401	2399
437	2286	2285	2402	2403	2401
437	438	2286	457	2404	2402
438	2287	2286	2405	2406	2404
438	439	2287	458	2407	2405
439	2288	2287	2408	2409	2407
439	440	2288	459	2410	2408
440	2289	2288	2411	2412	2410
440	441	2289	460	2413	2411
441	2290	2289	2414	2415	2413
441	442	2290	461	2416	2414
442	2291	2290	2417	2418	2416
442	443	2291	462	2419	2417
443	2292	2291	2420	2421	2419
443	444	2292	463	2422	2420
444	2293	2292	2423	2424	2422
444	445	2293	464	2425	2423
445	2294	2293	2426	2427	2425
445	4	2294	465	2428	2426
4	43	2294	49	2429	2428
416	2276	417	2373	2430	422
2276	2295	417	2431	2432	2430
2276	2277	2295	2376	2433	2431
2277	2296	2295	2434	2435	2433
2277	2278	2296	2379	2436	2434
2278	2297	2296	2437	2438	2436
2278	2279	2297	2382	2439	2437
2279	2298	2297	2440	2441	2439
2279	2280	2298	2385	2442	2440
2280	2299	2298	2443	2444	2442
2280	2281	2299	2388	2445	2443
2281	2300	2299	2446	2447	2445
2281	2282	2300	2391	2448	2446
2282	2301	2300	2449	2450	2448
2282	2283	2301	2394	2451	2449
2283	2302	2301	2452	2453	2451
2283	2284	2302	2397	2454	2452
2284	2303	2302	2455	2456	2454
2284	2285	2303	2400	2457	2455
2285	2304	2303	2458	2459	2457
2285	2286	2304	2403	2460	2458
2286	2305	2304	2461	2462	2460
2286	2287	2305	2406	2463	2461
2287	2306	2305	2464	2465	2463
2287	2288	2306	2409	2466	2464
2288	2307	2306	2467	2468	2466
2288	2289	2307	2412	2469	2467
2289	2308	2307	2470	2471	2469
2289	2290	2308	2415	2472	2470
2290	2309	2308	2473	2474	2472
2290	2291	2309	2418	2475	2473
2291	2310	2309	2476	2477	2475
2291	2292	2310	2421	2478	2476
2292	2311	2310	2479	2480	2478
2292	2293	2311	2424	2481	2479
2293	2312	2311	2482	2483	2481
2293	2294	2312	2427	2484	2482
2294	2313	2312	2485	2486	2484
2294	43	2313	2429	2487	2485
43	42	2313	48	2488	2487
417	2295	418	2432	2489	423
2295	2314	418	2490	2491	2489
2295	2296	2314	2435	2492	2490
2296	2315	2314	2493	2494	2492
2296	2297	2315	2438	2495	2493
2297	2316	2315	2496	2497	2495
2297	2298	2316	2441	2498	2496
2298	2317	2316	2499	2500	2498
2298	2299	2317	2444	2501	2499
2299	2318	2317	2502	2503	2501
2299	2300	2318	2447	2504	2502
2300	2319	2318	2505	2506	2504
2300	2301	2319	2450	2507	2505
2301	2320	2319	2508	2509	2507
2301	2302	2320	2453	2510	2508
2302	2321	2320	2511	2512	2510
2302	2303	2321	2456	2513	2511
2303	2322	2321	2514	2515	2513
2303	2304	2322	2459	2516	2514
2304	2323	2322	2517	2518	2516
2304	2305	2323	2462	2519	2517
2305	2324	2323	2520	2521	2519
2305	2306	2324	2465	2522	2520
2306	2325	2324	2523	2524	2522
2306	2307	2325	2468	2525	2523
2307	2326	2325	2526	2527	2525
2307	2308	2326	2471	2528	2526
2308	2327	2326	2529	2530	2528
2308	2309	2327	2474	2531	2529
2309	2328	2327	2532	2533	2531
2309	2310	2328	2477	2534	2532
2310	2329	2328	2535	2536	2534
2310	2311	2329	2480	2537	2535
2311	2330	2329	2538	2539	2537
2311	2312	2330	2483	2540	2538
2312	2331	2330	2541	2542	2540
2312	2313	2331	2486	2543	2541
2313	2332	2331	2544	2545	2543
2313	42	2332	2488	2546	2544
42	41	2332	47	2547	2546
418	2314	419	2491	2548	424
2314	2333	419	2549	2550	2548
2314	2315	2333	2494	2551	2549
2315	2334	2333	2552	2553	2551
2315	2316	2334	2497	2554	2552
2316	2335	2334	2555	2556	2554
2316	2317	2335	2500	2557	2555
2317	2336	2335	2558	2559	2557
2317	2318	2336	2503	2560	2558
2318	2337	2336	2561	2562	2560
2318	2319	2337	2506	2563	2561
2319	2338	2337	2564	2565	2563
2319	2320	2338	2509	2566	2564
2320	2339	2338	2567	2568	2566
2320	2321	2339	2512	2569	2567
2321	2340	2339	2570	2571	2569
2321	2322	2340	2515	2572	2570
2322	2341	2340	2573	2574	2572
2322	2323	2341	2518	2575	2573
2323	2342	2341	2576	2577	2575
2323	2324	2342	2521	2578	2576
2324	2343	2342	2579	2580	2578
2324	2325	2343	2524	2581	2579
2325	2344	2343	2582	2583	2581
2325	2326	2344	2527	2584	2582
2326	2345	2344	2585	2586	2584
2326	2327	2345	2530	2587	2585
2327	2346	2345	2588	2589	2587
2327	2328	2346	2533	2590	2588
2328	2347	2346	2591	2592	2590
2328	2329	2347	2536	2593	2591
2329	2348	2347	2594	2595	2593
2329	2330	2348	2539	2596	2594
2330	2349	2348	2597	2598	2596
2330	2331	2349	2542	2599	2597
2331	2350	2349	2600	2601	2599
2331	2332	2350	2545	2602	2600
2332	2351	2350	2603	2604	2602
2332	41	2351	2547	2605	2603
41	40	2351	46	2606	2605
419	2333	420	2550	2607	425
2333	2352	420	2608	2609	2607
2333	2334	2352	2553	2610	2608
2334	2353	2352	2611	2612	2610
2334	2335	2353	2556	2613	2611
2335	2354	2353	2614	2615	2613
2335	2336	2354	2559	2616	2614
2336	2355	2354	2617	2618	2616
2336	2337	2355	2562	2619	2617
2337	2356	2355	2620	2621	2619
2337	2338	2356	2565	2622	2620
2338	2357	2356	2623	2624	2622
2338	2339	2357	2568	2625	2623
2339	2358	2357	2626	2627	2625
2339	2340	2358	2571	2628	2626
2340	2359	2358	2629	2630	2628
2340	2341	2359	2574	2631	2629
2341	2360	2359	2632	2633	2631
2341	2342	2360	2577	2634	2632
2342	2361	2360	2635	2636	2634
2342	2343	2361	2580	2637	2635
2343	2362	2361	2638	2639	2637
2343	2344	2362	2583	2640	2638
2344	2363	2362	2641	2642	2640
2344	2345	2363	2586	2643	2641
2345	2364	2363	2644	2645	2643
2345	2346	2364	2589	2646	2644
2346	2365	2364	2647	2648	2646
2346	2347	2365	2592	2649	2647
2347	2366	2365	2650	2651	2649
2347	2348	2366	2595	2652	2650
2348	2367	2366	2653	2654	2652
2348	2349	2367	2598	2655	2653
2349	2368	2367	2656	2657	2655
2349	2350	2368	2601	2658	2656
2350	2369	2368	2659	2660	2658
2350	2351	2369	2604	2661	2659
2351	2370	2369	2662	2663	2661
2351	40	2370	2606	2664	2662
40	39	2370	45	2665	2664
420	2352	15	2609	2666	426
2352	484	15	2667	504	2666
2352	2353	484	2612	2668	2667
2353	483	484	2669	503	2668
2353	2354	483	2615	2670	2669
2354	482	483	2671	502	2670
2354	2355	482	2618	2672	2671
2355	481	482	2673	501	2672
2355	2356	481	2621	2674	2673
2356	480	481	2675	500	2674
2356	2357	480	2624	2676	2675
2357	479	480	2677	499	2676
2357	2358	479	2627	2678	2677
2358	478	479	2679	498	2678
2358	2359	478	2630	2680	2679
2359	477	478	2681	497	2680
2359	2360	477	2633	2682	2681
2360	476	477	2683	496	2682
2360	2361	476	2636	2684	2683
2361	475	476	2685	495	2684
2361	2362	475	2639	2686	2685
2362	474	475	2687	494	2686
2362	2363	474	2642	2688	2687
2363	473	474	2689	493	2688
2363	2364	473	2645	2690	2689
2364	472	473	2691	492	2690
2364	2365	472	2648	2692	2691
2365	471	472	2693	491	2692
2365	2366	471	2651	2694	2693
2366	470	471	2695	490	2694
2366	2367	470	2654	2696	2695
2367	469	470	2697	489	2696
2367	2368	469	2657	2698	2697
2368	468	469	2699	488	2698
2368	2369	468	2660	2700	2699
2369	467	468	2701	487	2700
2369	2370	467	2663	2702	2701
2370	466	467	2703	486	2702
2370	39	466	2665	2704	2703
39	3	466	44	485	2704

--------------------------------------------------------------------------------
NUMBER OF BOUNDARY TYPES        TOTAL NUMBER OF ELEMENTS
--------------------------------------------------------------------------------
3                               208

--------------------------------------------------------------------------------
BOUNDARY 2        CONSTRAINS (0-free 1-const 2-glue)  VALUES (default = 0.)
NUMB. OF ELEM.    Ux     Uy     Uz                    Ux     Uy     Uz  
--------------------------------------------------------------------------------
32                1      1      0                     1.     0.     0.

--------------------------------------------------------------------------------
BOUNDARY 2 - CONNECTIVITY
--------------------------------------------------------------------------------
12	283	288
283	284	289
284	285	290
285	286	291
286	287	292
287	11	293
11	305	324
305	306	325
306	307	326
307	308	327
308	309	328
309	310	329
310	311	330
311	312	331
312	313	332
313	314	333
314	315	334
315	316	335
316	317	336
317	318	337
318	319	338
319	320	339
320	321	340
321	322	341
322	323	342
323	16	343
16	394	399
394	395	400
395	396	401
396	397	402
397	398	403
398	13	404

--------------------------------------------------------------------------------
BOUNDARY 1        CONSTRAINS (0-free 1-const 2-glue)  VALUES (default = 0.)
NUMB. OF ELEM.    Ux     Uy     Uz                    Ux     Uy     Uz  
--------------------------------------------------------------------------------
96                1      1      0                     0.     0.     0.

--------------------------------------------------------------------------------
BOUNDARY 1 - CONNECTIVITY
--------------------------------------------------------------------------------
1	17	22
17	18	23
18	19	24
19	20	25
20	21	26
21	2	27
4	50	55
50	51	56
51	52	57
52	53	58
53	54	59
54	1	60
2	61	80
61	62	81
62	63	82
63	64	83
64	65	84
65	66	85
66	67	86
67	68	87
68	69	88
69	70	89
70	71	90
71	72	91
72	73	92
73	74	93
74	75	94
75	76	95
76	77	96
77	78	97
78	79	98
79	5	99
5	150	155
150	151	156
151	152	157
152	153	158
153	154	159
154	8	160
8	161	166
161	162	167
162	163	168
163	164	169
164	165	170
165	7	171
7	183	202
183	184	203
184	185	204
185	186	205
186	187	206
187	188	207
188	189	208
189	190	209
190	191	210
191	192	211
192	193	212
193	194	213
194	195	214
195	196	215
196	197	216
197	198	217
198	199	218
199	200	219
200	201	220
201	9	221
9	272	277
272	273	278
273	274	279
274	275	280
275	276	281
276	12	282
13	405	410
405	406	411
406	407	412
407	408	413
408	409	414
409	14	415
14	427	446
427	428	447
428	429	448
429	430	449
430	431	450
431	432	451
432	433	452
433	434	453
434	435	454
435	436	455
436	437	456
437	438	457
438	439	458
439	440	459
440	441	460
441	442	461
442	443	462
443	444	463
444	445	464
445	4	465

--------------------------------------------------------------------------------
BOUNDARY 3        CONSTRAINS (0-free 1-const 2-glue)  VALUES (default = 0.)
NUMB. OF ELEM.    Ux     Uy     Uz                    Ux     Uy     Uz  
--------------------------------------------------------------------------------
80                0      0      0                     0.     0.     0.

--------------------------------------------------------------------------------
BOUNDARY 3 - CONNECTIVITY
--------------------------------------------------------------------------------
6	111	130
111	112	131
112	113	132
113	114	133
114	115	134
115	116	135
116	117	136
117	118	137
118	119	138
119	120	139
120	121	140
121	122	141
122	123	142
123	124	143
124	125	144
125	126	145
126	127	146
127	128	147
128	129	148
129	3	149
10	233	252
233	234	253
234	235	254
235	236	255
236	237	256
237	238	257
238	239	258
239	240	259
240	241	260
241	242	261
242	243	262
243	244	263
244	245	264
245	246	265
246	247	266
247	248	267
248	249	268
249	250	269
250	251	270
251	6	271
15	355	374
355	356	375
356	357	376
357	358	377
358	359	378
359	360	379
360	361	380
361	362	381
362	363	382
363	364	383
364	365	384
365	366	385
366	367	386
367	368	387
368	369	388
369	370	389
370	371	390
371	372	391
372	373	392
373	10	393
3	466	485
466	467	486
467	468	487
468	469	488
469	470	489
470	471	490
471	472	491
472	473	492
473	474	493
474	475	494
475	476	495
476	477	496
477	478	497
478	479	498
479	480	499
480	481	500
481	482	501
482	483	502
483	484	503
484	15	504


