 nnos,ne,nfc,tol,ngf,ngf1
      37      12    1000            0.0000000       7      24

  Elemento, número de nós do elemento
       1       4
       2       4
       3       4
       4       4
       5       4
       6       4
       7       4
       8       4
       9       4
      10       4
      11       4
      12       4
 incidenca dos elementos
 elemento, no1, no2,...no6
           1           1           2           3           4
           2           4           5           6           7
           3           7           8           9          10
           4          10          11          12          13
           5          13          14          15          16
           6          16          17          18          19
           7          19          20          21          22
           8          22          23          24          25
           9          25          26          27          28
          10          28          29          30          31
          11          31          32          33          34
          12          34          35          36          37
 tipo do no de extremidade
 elemento, tipo do noi, tipo do nof
           1           0           0
           2           0           0
           3           0           0
           4           0           0
           5           0           0
           6           0           0
           7           0           0
           8           0           0
           9           0           0
          10           0           0
          11           0           0
          12           0           0
 no,numero de elementos a que pertence
           1           1
           2           1
           3           1
           4           2
           5           1
           6           1
           7           2
           8           1
           9           1
          10           2
          11           1
          12           1
          13           2
          14           1
          15           1
          16           2
          17           1
          18           1
          19           2
          20           1
          21           1
          22           2
          23           1
          24           1
          25           2
          26           1
          27           1
          28           2
          29           1
          30           1
          31           2
          32           1
          33           1
          34           2
          35           1
          36           1
          37           1
 no,elemeto 1 , elemento 2 ...
           1           1
           2           1
           3           1
           4           1           2
           5           2
           6           2
           7           2           3
           8           3
           9           3
          10           3           4
          11           4
          12           4
          13           4           5
          14           5
          15           5
          16           5           6
          17           6
          18           6
          19           6           7
          20           7
          21           7
          22           7           8
          23           8
          24           8
          25           8           9
          26           9
          27           9
          28           9          10
          29          10
          30          10
          31          10          11
          32          11
          33          11
          34          11          12
          35          12
          36          12
          37          12
 grandezas para alocacao dinamica
 n,noel,nnoel,nglel,nzexp,nnos,nel,nzexp1
         111           0           5          15        5400          37          12       13360
 coordenadas dos nos
 no,x,y,teta
       1               -4.0000000000                0.0000000000                0.0000000000
       2               -3.9696155060                0.3472963550                0.0000000000
       3               -3.8793852420                0.6840402870                0.0000000000
       4               -3.7320508080                1.0000000000                0.0000000000
       5               -3.5320888860                1.2855752190                0.0000000000
       6               -3.2855752190                1.5320888860                0.0000000000
       7               -3.0000000000                1.7320508080                0.0000000000
       8               -2.6840402870                1.8793852420                0.0000000000
       9               -2.3472963550                1.9696155060                0.0000000000
      10               -2.0000000000                2.0000000000                0.0000000000
      11               -1.6527036450                1.9696155060                0.0000000000
      12               -1.3159597130                1.8793852420                0.0000000000
      13               -1.0000000000                1.7320508080                0.0000000000
      14               -0.7144247810                1.5320888860                0.0000000000
      15               -0.4679111140                1.2855752190                0.0000000000
      16               -0.2679491920                1.0000000000                0.0000000000
      17               -0.1206147580                0.6840402870                0.0000000000
      18               -0.0303844940                0.3472963550                0.0000000000
      19                0.0000000000                0.0000000000                0.0000000000
      20                0.0303844940               -0.3472963550                0.0000000000
      21                0.1206147580               -0.6840402870                0.0000000000
      22                0.2679491920               -1.0000000000                0.0000000000
      23                0.4679111140               -1.2855752190                0.0000000000
      24                0.7144247810               -1.5320888860                0.0000000000
      25                1.0000000000               -1.7320508080                0.0000000000
      26                1.3159597130               -1.8793852420                0.0000000000
      27                1.6527036450               -1.9696155060                0.0000000000
      28                2.0000000000               -2.0000000000                0.0000000000
      29                2.3472963550               -1.9696155060                0.0000000000
      30                2.6840402870               -1.8793852420                0.0000000000
      31                3.0000000000               -1.7320508080                0.0000000000
      32                3.2855752190               -1.5320888860                0.0000000000
      33                3.5320888860               -1.2855752190                0.0000000000
      34                3.7320508080               -1.0000000000                0.0000000000
      35                3.8793852420               -0.6840402870                0.0000000000
      36                3.9696155060               -0.3472963550                0.0000000000
      37                4.0000000000                0.0000000000                0.0000000000
 elemento,e,mi,altura,area,ybarra,momin,ro,cm
       1         70000000.0000000000                0.3300000000                0.0500000000                0.0500000000                0.0250000000                0.0000104167                2.7000000000                0.0000000000
       2         70000000.0000000000                0.3300000000                0.0500000000                0.0500000000                0.0250000000                0.0000104167                2.7000000000                0.0000000000
       3         70000000.0000000000                0.3300000000                0.0500000000                0.0500000000                0.0250000000                0.0000104167                2.7000000000                0.0000000000
       4         70000000.0000000000                0.3300000000                0.0500000000                0.0500000000                0.0250000000                0.0000104167                2.7000000000                0.0000000000
       5         70000000.0000000000                0.3300000000                0.0500000000                0.0500000000                0.0250000000                0.0000104167                2.7000000000                0.0000000000
       6         70000000.0000000000                0.3300000000                0.0500000000                0.0500000000                0.0250000000                0.0000104167                2.7000000000                0.0000000000
       7         70000000.0000000000                0.3300000000                0.0500000000                0.0500000000                0.0250000000                0.0000104167                2.7000000000                0.0000000000
       8         70000000.0000000000                0.3300000000                0.0500000000                0.0500000000                0.0250000000                0.0000104167                2.7000000000                0.0000000000
       9         70000000.0000000000                0.3300000000                0.0500000000                0.0500000000                0.0250000000                0.0000104167                2.7000000000                0.0000000000
      10         70000000.0000000000                0.3300000000                0.0500000000                0.0500000000                0.0250000000                0.0000104167                2.7000000000                0.0000000000
      11         70000000.0000000000                0.3300000000                0.0500000000                0.0500000000                0.0250000000                0.0000104167                2.7000000000                0.0000000000
      12         70000000.0000000000                0.3300000000                0.0500000000                0.0500000000                0.0250000000                0.0000104167                2.7000000000                0.0000000000
 esforço resistente do elemento
 elemento, NRd, VRd, MRd
       1      60790000000.0000000000      37485000000.0000000000      10318000000.0000000000
       2      60790000000.0000000000      37485000000.0000000000      10318000000.0000000000
       3      60790000000.0000000000      37485100000.0000000000      10318100000.0000000000
       4      60790000000.0000000000      37485100000.0000000000      10318100000.0000000000
       5      60790000000.0000000000      37485100000.0000000000      10318100000.0000000000
       6      60790000000.0000000000      37485100000.0000000000      10318100000.0000000000
       7      60790000000.0000000000      37485100000.0000000000      10318100000.0000000000
       8      60790000000.0000000000      37485100000.0000000000      10318100000.0000000000
       9      60790000000.0000000000      37485100000.0000000000      10318100000.0000000000
      10      60790000000.0000000000      37485100000.0000000000      10318100000.0000000000
      11      60790000000.0000000000      37485100000.0000000000      10318100000.0000000000
      12      60790000000.0000000000      37485100000.0000000000      10318100000.0000000000
 numero de nos com velocidade inicial
           1
 no,vx,vy
       1                0.0000000000                0.0000000000
 coord. da caixa de impacto e coef. de atrito
          -100000.0000000000          -100000.0000000000          1000000.0000000000           100000.0000000000                0.0000000000
 num. de nos restr., num. de nos carreg., num. de dts
       2       3   20000
 Num.El.com: qx,qy; qn,qt; T1,T2
       6       1       1
 beta,gma,dt
                0.2500000000                0.5000000000                0.0020000000
 restricao de graus de liberdade
 no,ko1,ko2,ko3
      19       1       1       0
       1       0       0       0
 leitura dos valores dos recalques
 no,px,py,pz
       1                0.0000000000                0.0000000000                0.0000000000
      19                0.0000000000                0.0000000000                0.0000000000
 movimento de base: ba,bb,bc,bd,be,bf,bg,bh,bri,bj,bk
                0.0000000000                0.0000000000                0.0000000000                0.0000000000                0.0000000000                0.0000000000                0.0000000000                0.0000000000                0.0000000000                0.0000000000                0.0000000000
 nos com carregamento prescrito
 no,f1,f2,f3,ma
       1                0.0000000000                0.0000000000                0.0000000000
      19                0.0000000000                0.0000000000                0.0000000000
      37                0.0000000000                0.0000000000                0.0000000000
 cargas nas extremidades
 elemeto, qx no inicial, qx no final,                  qy no inicial, qy no final
       1                0.0000000000                0.0000000000               -0.0000000000               -0.0000000000
       2                0.0000000000                0.0000000000               -0.0000000000               -0.0000000000
       3                0.0000000000                0.0000000000               -0.0000000000               -0.0000000000
       4                0.0000000000                0.0000000000               -0.0000000000               -0.0000000000
       5                0.0000000000                0.0000000000               -0.0000000000               -0.0000000000
       6                0.0000000000                0.0000000000               -0.0000000000               -0.0000000000
 cargas nas extremidades
 elemeto, qn no inicial, qn no final,                  qt no inicial, qt no final
       1                0.0000000000                0.0000000000                0.0000000000                0.0000000000
 temperatura
 elemeto,  temp.acima, temp. abaixo, dilatação térmica
       1                0.0000000000                0.0000000000                0.0000000000
 compotamento carga: ca,cb,cc,cd,ce,cf,cg,crh,cri,cj,ck
                0.0000000000                0.0000000000                0.0000000000                0.0000000000                0.0000000000                0.0000000000                0.0000000000                0.0000000000                0.0000000000                0.0000000000                0.0000000000

 posicao dos nos, passo, numero de iteracoes           0           0
 no,x,y
     1       -4.00000000        0.00000000        0.00000000
     2       -3.96961551        0.34729636        0.00000000
     3       -3.87938524        0.68404029        0.00000000
     4       -3.73205081        1.00000000        0.00000000
     5       -3.53208889        1.28557522        0.00000000
     6       -3.28557522        1.53208889        0.00000000
     7       -3.00000000        1.73205081        0.00000000
     8       -2.68404029        1.87938524        0.00000000
     9       -2.34729636        1.96961551        0.00000000
    10       -2.00000000        2.00000000        0.00000000
    11       -1.65270365        1.96961551        0.00000000
    12       -1.31595971        1.87938524        0.00000000
    13       -1.00000000        1.73205081        0.00000000
    14       -0.71442478        1.53208889        0.00000000
    15       -0.46791111        1.28557522        0.00000000
    16       -0.26794919        1.00000000        0.00000000
    17       -0.12061476        0.68404029        0.00000000
    18       -0.03038449        0.34729636        0.00000000
    19        0.00000000        0.00000000        0.00000000
    20        0.03038449       -0.34729636        0.00000000
    21        0.12061476       -0.68404029        0.00000000
    22        0.26794919       -1.00000000        0.00000000
    23        0.46791111       -1.28557522        0.00000000
    24        0.71442478       -1.53208889        0.00000000
    25        1.00000000       -1.73205081        0.00000000
    26        1.31595971       -1.87938524        0.00000000
    27        1.65270365       -1.96961551        0.00000000
    28        2.00000000       -2.00000000        0.00000000
    29        2.34729636       -1.96961551        0.00000000
    30        2.68404029       -1.87938524        0.00000000
    31        3.00000000       -1.73205081        0.00000000
    32        3.28557522       -1.53208889        0.00000000
    33        3.53208889       -1.28557522        0.00000000
    34        3.73205081       -1.00000000        0.00000000
    35        3.87938524       -0.68404029        0.00000000
