
 título da lista e dados dos nós
#
 s1           0
      0.000000E+00      0.000000E+00      0.000000E+00     -0.115147E-07
      0.000000E+00      0.000000E+00      0.000000E+00     -0.567142E-08
      0.000000E+00      0.000000E+00      0.000000E+00      0.230294E-07
      0.000000E+00      0.000000E+00      0.000000E+00     -0.113428E-07
      0.000000E+00      0.000000E+00      0.000000E+00     -0.115147E-07
      0.000000E+00      0.000000E+00      0.000000E+00      0.000000E+00
      0.000000E+00      0.000000E+00      0.000000E+00     -0.143504E-07
      0.000000E+00      0.000000E+00      0.000000E+00     -0.115147E-07
      0.000000E+00      0.000000E+00      0.000000E+00      0.000000E+00
      0.000000E+00      0.000000E+00      0.000000E+00     -0.859306E-08
      0.000000E+00      0.000000E+00      0.000000E+00      0.000000E+00
      0.000000E+00      0.000000E+00      0.000000E+00      0.113428E-07
      0.000000E+00      0.000000E+00      0.000000E+00     -0.283571E-08
      0.000000E+00      0.000000E+00      0.000000E+00     -0.115147E-07
      0.000000E+00      0.000000E+00      0.000000E+00      0.000000E+00
      0.000000E+00      0.000000E+00      0.000000E+00     -0.283571E-08
      0.000000E+00      0.000000E+00      0.000000E+00      0.000000E+00
      0.000000E+00      0.000000E+00      0.000000E+00     -0.170143E-07
      0.000000E+00      0.000000E+00      0.000000E+00     -0.575735E-08
      0.000000E+00      0.000000E+00      0.000000E+00     -0.113428E-07
      0.000000E+00      0.000000E+00      0.000000E+00     -0.567142E-08
      0.000000E+00      0.000000E+00      0.000000E+00     -0.575735E-08
      0.000000E+00      0.000000E+00      0.000000E+00     -0.171861E-07
      0.000000E+00      0.000000E+00      0.000000E+00     -0.567142E-08
      0.000000E+00      0.000000E+00      0.000000E+00     -0.114288E-07
      0.000000E+00      0.000000E+00      0.000000E+00     -0.171861E-07
      0.000000E+00      0.000000E+00      0.000000E+00      0.000000E+00
      0.000000E+00      0.000000E+00      0.000000E+00      0.000000E+00
      0.000000E+00      0.000000E+00      0.000000E+00      0.000000E+00
      0.000000E+00      0.000000E+00      0.000000E+00      0.000000E+00
      0.000000E+00      0.000000E+00      0.000000E+00     -0.115147E-07
      0.000000E+00      0.000000E+00      0.000000E+00     -0.115147E-07
      0.000000E+00      0.000000E+00      0.000000E+00     -0.567142E-08
      0.000000E+00      0.000000E+00      0.000000E+00     -0.171861E-07
      0.000000E+00      0.000000E+00      0.000000E+00      0.000000E+00
      0.000000E+00      0.000000E+00      0.000000E+00     -0.171861E-07
      0.000000E+00      0.000000E+00      0.000000E+00     -0.113428E-07

 título da lista e dados dos nós
#
 s2           0
      0.000000E+00      0.000000E+00      0.000000E+00     -0.567142E-08
      0.000000E+00      0.000000E+00      0.000000E+00     -0.115147E-07
      0.000000E+00      0.000000E+00      0.000000E+00      0.113428E-07
      0.000000E+00      0.000000E+00      0.000000E+00     -0.230294E-07
      0.000000E+00      0.000000E+00      0.000000E+00     -0.567142E-08
      0.000000E+00      0.000000E+00      0.000000E+00      0.000000E+00
      0.000000E+00      0.000000E+00      0.000000E+00     -0.114288E-07
      0.000000E+00      0.000000E+00      0.000000E+00     -0.567142E-08
      0.000000E+00      0.000000E+00      0.000000E+00      0.000000E+00
      0.000000E+00      0.000000E+00      0.000000E+00     -0.859306E-08
      0.000000E+00      0.000000E+00      0.000000E+00      0.000000E+00
      0.000000E+00      0.000000E+00      0.000000E+00      0.230294E-07
      0.000000E+00      0.000000E+00      0.000000E+00     -0.575735E-08
      0.000000E+00      0.000000E+00      0.000000E+00     -0.567142E-08
      0.000000E+00      0.000000E+00      0.000000E+00      0.000000E+00
      0.000000E+00      0.000000E+00      0.000000E+00     -0.575735E-08
      0.000000E+00      0.000000E+00      0.000000E+00      0.000000E+00
      0.000000E+00      0.000000E+00      0.000000E+00     -0.345441E-07
