
 título da lista e dados dos nós
#
 sx           0
      0.000000E+00      0.000000E+00      0.000000E+00      0.000000E+00
      0.000000E+00      0.000000E+00      0.000000E+00     -0.567142E-08
      0.000000E+00      0.000000E+00      0.000000E+00     -0.115147E-07
      0.000000E+00      0.000000E+00      0.000000E+00     -0.567142E-08
      0.000000E+00      0.000000E+00      0.000000E+00     -0.115147E-07
      0.000000E+00      0.000000E+00      0.000000E+00     -0.115147E-07
      0.000000E+00      0.000000E+00      0.000000E+00     -0.859306E-08
      0.000000E+00      0.000000E+00      0.000000E+00      0.000000E+00
      0.000000E+00      0.000000E+00      0.000000E+00      0.000000E+00
      0.000000E+00      0.000000E+00      0.000000E+00     -0.575735E-08
      0.000000E+00      0.000000E+00      0.000000E+00     -0.115147E-07
      0.000000E+00      0.000000E+00      0.000000E+00      0.000000E+00
      0.000000E+00      0.000000E+00      0.000000E+00      0.000000E+00
      0.000000E+00      0.000000E+00      0.000000E+00      0.000000E+00
      0.000000E+00      0.000000E+00      0.000000E+00      0.230294E-07
      0.000000E+00      0.000000E+00      0.000000E+00     -0.283571E-08
      0.000000E+00      0.000000E+00      0.000000E+00     -0.113428E-07
      0.000000E+00      0.000000E+00      0.000000E+00      0.000000E+00
      0.000000E+00      0.000000E+00      0.000000E+00     -0.575735E-08
      0.000000E+00      0.000000E+00      0.000000E+00      0.116866E-07
      0.000000E+00      0.000000E+00      0.000000E+00     -0.115147E-07
      0.000000E+00      0.000000E+00      0.000000E+00     -0.143504E-07
      0.000000E+00      0.000000E+00      0.000000E+00     -0.228575E-07
      0.000000E+00      0.000000E+00      0.000000E+00     -0.115147E-07
      0.000000E+00      0.000000E+00      0.000000E+00     -0.575735E-08
      0.000000E+00      0.000000E+00      0.000000E+00      0.000000E+00
      0.000000E+00      0.000000E+00      0.000000E+00      0.000000E+00
      0.000000E+00      0.000000E+00      0.000000E+00      0.000000E+00
      0.000000E+00      0.000000E+00      0.000000E+00      0.113428E-07
      0.000000E+00      0.000000E+00      0.000000E+00      0.000000E+00
      0.000000E+00      0.000000E+00      0.000000E+00      0.584328E-08
      0.000000E+00      0.000000E+00      0.000000E+00      0.000000E+00
      0.000000E+00      0.000000E+00      0.000000E+00     -0.567142E-08
      0.000000E+00      0.000000E+00      0.000000E+00      0.000000E+00
      0.000000E+00      0.000000E+00      0.000000E+00     -0.115147E-07
      0.000000E+00      0.000000E+00      0.000000E+00     -0.171861E-09
      0.000000E+00      0.000000E+00      0.000000E+00     -0.345441E-07

 título da lista e dados dos nós
#
 sy           0
      0.000000E+00      0.000000E+00      0.000000E+00      0.000000E+00
      0.000000E+00      0.000000E+00      0.000000E+00     -0.115147E-07
      0.000000E+00      0.000000E+00      0.000000E+00     -0.567142E-08
      0.000000E+00      0.000000E+00      0.000000E+00     -0.115147E-07
      0.000000E+00      0.000000E+00      0.000000E+00     -0.567142E-08
      0.000000E+00      0.000000E+00      0.000000E+00     -0.567142E-08
      0.000000E+00      0.000000E+00      0.000000E+00     -0.859306E-08
      0.000000E+00      0.000000E+00      0.000000E+00      0.000000E+00
      0.000000E+00      0.000000E+00      0.000000E+00      0.000000E+00
      0.000000E+00      0.000000E+00      0.000000E+00     -0.283571E-08
      0.000000E+00      0.000000E+00      0.000000E+00     -0.567142E-08
      0.000000E+00      0.000000E+00      0.000000E+00      0.000000E+00
      0.000000E+00      0.000000E+00      0.000000E+00      0.000000E+00
      0.000000E+00      0.000000E+00      0.000000E+00      0.000000E+00
      0.000000E+00      0.000000E+00      0.000000E+00      0.113428E-07
      0.000000E+00      0.000000E+00      0.000000E+00     -0.575735E-08
      0.000000E+00      0.000000E+00      0.000000E+00     -0.230294E-07
      0.000000E+00      0.000000E+00      0.000000E+00      0.000000E+00
      0.000000E+00      0.000000E+00      0.000000E+00     -0.283571E-08
      0.000000E+00      0.000000E+00      0.000000E+00     -0.116866E-07
      0.000000E+00      0.000000E+00      0.000000E+00     -0.567142E-08
      0.000000E+00      0.000000E+00      0.000000E+00     -0.114288E-07
      0.000000E+00      0.000000E+00      0.000000E+00     -0.287008E-07
      0.000000E+00      0.000000E+00      0.000000E+00     -0.567142E-08
      0.000000E+00      0.000000E+00      0.000000E+00     -0.283571E-08
      0.000000E+00      0.000000E+00      0.000000E+00      0.000000E+00
      0.000000E+00      0.000000E+00      0.000000E+00      0.000000E+00
      0.000000E+00      0.000000E+00      0.000000E+00      0.000000E+00
      0.000000E+00      0.000000E+00      0.000000E+00      0.230294E-07
      0.000000E+00      0.000000E+00      0.000000E+00      0.000000E+00
      0.000000E+00      0.000000E+00      0.000000E+00     -0.584328E-08
      0.000000E+00      0.000000E+00      0.000000E+00      0.000000E+00
      0.000000E+00      0.000000E+00      0.000000E+00     -0.115147E-07
      0.000000E+00      0.000000E+00      0.000000E+00      0.000000E+00
      0.000000E+00      0.000000E+00      0.000000E+00     -0.567142E-08
      0.000000E+00      0.000000E+00      0.000000E+00      0.173580E-07
      0.000000E+00      0.000000E+00      0.000000E+00     -0.170143E-07

 título da lista e dados dos nós
#
 sxy           0
      0.000000E+00      0.000000E+00      0.000000E+00     -0.584328E-08
      0.000000E+00      0.000000E+00      0.000000E+00     -0.116866E-07
      0.000000E+00      0.000000E+00      0.000000E+00      0.584328E-08
      0.000000E+00      0.000000E+00      0.000000E+00      0.000000E+00
      0.000000E+00      0.000000E+00      0.000000E+00      0.000000E+00
      0.000000E+00      0.000000E+00      0.000000E+00      0.000000E+00
      0.000000E+00      0.000000E+00      0.000000E+00      0.000000E+00
      0.000000E+00      0.000000E+00      0.000000E+00      0.000000E+00
      0.000000E+00      0.000000E+00      0.000000E+00      0.000000E+00
      0.000000E+00      0.000000E+00      0.000000E+00      0.000000E+00
      0.000000E+00      0.000000E+00      0.000000E+00      0.000000E+00
      0.000000E+00      0.000000E+00      0.000000E+00      0.000000E+00
      0.000000E+00      0.000000E+00      0.000000E+00      0.000000E+00
      0.000000E+00      0.000000E+00      0.000000E+00      0.000000E+00
      0.000000E+00      0.000000E+00      0.000000E+00     -0.584328E-08
      0.000000E+00      0.000000E+00      0.000000E+00     -0.292164E-08
      0.000000E+00      0.000000E+00      0.000000E+00      0.116866E-07
      0.000000E+00      0.000000E+00      0.000000E+00     -0.584328E-08
      0.000000E+00      0.000000E+00      0.000000E+00     -0.759626E-07
      0.000000E+00      0.000000E+00      0.000000E+00      0.233731E-07
      0.000000E+00      0.000000E+00      0.000000E+00      0.000000E+00
      0.000000E+00      0.000000E+00      0.000000E+00      0.584328E-08
      0.000000E+00      0.000000E+00      0.000000E+00      0.116866E-07
      0.000000E+00      0.000000E+00      0.000000E+00      0.000000E+00
      0.000000E+00      0.000000E+00      0.000000E+00      0.000000E+00
      0.000000E+00      0.000000E+00      0.000000E+00      0.000000E+00
      0.000000E+00      0.000000E+00      0.000000E+00      0.000000E+00
      0.000000E+00      0.000000E+00      0.000000E+00      0.000000E+00
      0.000000E+00      0.000000E+00      0.000000E+00      0.000000E+00
      0.000000E+00      0.000000E+00      0.000000E+00      0.000000E+00
      0.000000E+00      0.000000E+00      0.000000E+00     -0.292164E-08
      0.000000E+00      0.000000E+00      0.000000E+00      0.000000E+00
      0.000000E+00      0.000000E+00      0.000000E+00      0.000000E+00
      0.000000E+00      0.000000E+00      0.000000E+00      0.584328E-08
      0.000000E+00      0.000000E+00      0.000000E+00      0.000000E+00
      0.000000E+00      0.000000E+00      0.000000E+00     -0.584328E-08
      0.000000E+00      0.000000E+00      0.000000E+00      0.876492E-07
